10
100
340
198
592
515
715
161
414
689
750
668
743
634
389
699
477
728
296
585
767
185
418
706
521
749
127
359
488
741
643
312
509
510
615
627
446
336
301
752
590
616
302
505
138
125
482
513
750
758
458
741
475
531
270
588
460
775
522
561
626
190
599
625
427
292
560
121
474
511
402
675
144
483
209
158
259
414
461
146
340
209
431
237
237
190
253
250
532
577
361
503
320
448
408
154
768
381
458
631
435
361
