10
100
415
187
678
795
361
465
376
279
746
171
249
355
200
134
659
512
653
386
149
782
298
262
756
528
738
778
181
208
299
170
256
504
124
126
161
238
644
281
339
757
310
589
267
692
122
374
618
697
615
353
686
656
425
633
191
574
635
286
565
234
188
596
796
435
586
785
465
199
248
205
151
464
260
725
607
238
488
160
716
641
772
613
521
709
191
161
231
386
709
135
800
182
488
666
478
311
684
608
647
700
