10
100
457
470
528
372
572
730
213
799
315
708
735
145
423
511
417
498
636
443
490
143
180
235
408
585
548
537
361
421
729
398
450
616
330
507
747
126
776
324
118
116
360
273
135
647
703
619
750
329
761
513
349
366
116
717
189
361
355
204
597
606
295
631
147
339
516
483
623
384
341
605
241
357
613
791
358
258
329
763
451
125
464
620
270
578
258
758
769
722
688
570
309
436
402
121
143
740
247
596
265
118
