10
100
252
127
586
664
753
175
166
120
259
496
759
154
500
321
512
587
302
592
145
528
630
732
730
134
705
498
240
449
594
601
789
608
484
706
624
128
117
402
318
668
511
358
714
263
249
139
359
341
352
406
110
299
212
394
213
673
722
453
354
168
553
579
594
575
334
507
369
649
689
687
474
677
452
631
314
210
664
238
238
175
336
593
537
262
794
737
632
684
394
216
520
610
618
411
311
282
436
428
630
498
