10
100
379
509
654
319
104
158
500
367
671
700
727
615
130
498
681
782
411
283
315
183
464
626
764
189
775
283
193
558
360
326
344
150
233
732
621
612
748
664
781
440
510
314
289
412
379
131
644
101
625
218
181
164
379
604
261
597
746
291
414
572
397
683
675
553
439
780
589
375
355
251
486
313
421
589
143
210
800
123
408
191
105
427
104
152
449
288
113
116
755
358
630
773
748
270
688
685
228
148
668
681
