10
100
366
200
172
736
192
437
483
412
204
647
692
246
195
265
436
494
492
635
632
370
342
726
209
159
686
740
711
702
795
278
573
255
691
194
783
629
239
414
203
197
513
736
186
382
436
404
241
417
604
656
198
683
269
447
435
616
115
749
181
296
295
623
197
108
749
467
733
579
294
541
349
280
800
365
535
228
319
391
675
733
415
353
209
537
348
591
266
332
542
747
561
137
631
740
680
365
472
515
131
255
