10
100
627
696
799
570
796
756
496
618
609
220
661
425
458
240
683
290
539
438
337
762
303
584
358
197
169
339
402
202
617
587
672
739
752
722
219
312
554
329
334
532
486
334
386
347
595
120
167
259
470
433
286
406
794
149
655
222
150
228
539
379
427
135
190
691
473
736
550
301
446
375
329
148
730
223
261
697
324
698
536
549
313
165
500
132
509
111
639
662
465
692
530
470
672
654
474
624
423
235
499
209
