10
100
258
689
658
778
120
137
485
654
493
595
162
742
243
775
798
387
327
136
556
764
422
558
141
325
653
490
752
252
677
474
104
255
358
442
548
162
602
690
535
281
179
228
281
535
415
202
592
474
254
493
472
158
608
688
497
523
466
533
778
411
193
553
481
784
797
752
341
712
562
183
436
530
277
205
242
275
223
195
265
400
137
455
345
556
763
382
233
654
656
318
351
701
188
772
616
113
108
416
147
700
