10
100
245
347
552
110
702
381
610
329
436
180
182
677
281
262
563
634
783
609
445
493
763
772
524
136
266
137
577
102
172
484
217
718
592
298
525
713
131
480
250
202
238
408
596
350
614
495
368
405
408
709
409
509
288
670
501
486
477
625
646
199
374
498
417
794
444
509
595
498
787
578
767
421
580
594
609
702
493
164
640
353
382
642
350
770
657
316
710
316
320
295
543
284
789
747
788
530
786
125
521
189
