10
100
509
436
621
473
179
424
326
418
531
388
360
718
707
311
113
262
230
443
283
335
546
172
645
774
433
577
112
506
702
142
467
361
661
469
457
455
354
236
587
552
185
556
362
599
705
696
625
738
478
276
457
794
429
245
560
631
657
525
509
691
225
638
383
607
638
502
471
784
367
706
447
662
787
159
130
655
350
212
413
758
167
557
162
734
644
199
304
474
393
709
377
538
239
539
157
757
374
731
770
428
