10
100
642
665
680
685
298
431
448
157
127
775
795
761
560
625
774
304
160
305
161
730
498
230
559
598
685
476
378
346
497
534
489
732
166
632
254
733
344
431
734
542
147
701
361
525
273
267
602
357
693
137
580
432
618
796
286
649
741
378
453
775
758
723
515
278
552
289
232
444
171
561
103
352
663
717
534
747
189
176
503
367
129
633
582
158
136
540
550
662
385
294
663
270
487
578
317
669
685
184
374
542
