10
100
685
284
469
473
671
104
460
227
300
511
122
159
417
598
126
230
130
454
244
290
283
568
458
264
798
697
135
512
285
318
191
264
748
651
510
434
537
556
352
305
100
308
339
689
199
646
400
259
298
592
709
470
634
355
682
135
257
202
264
693
149
206
679
437
217
171
462
136
655
428
761
412
691
710
318
702
304
600
429
496
715
157
263
751
152
711
777
570
299
235
385
368
304
100
627
306
778
794
785
302
