10
100
557
770
640
506
157
614
446
452
302
402
582
306
123
157
331
692
248
318
518
401
489
267
239
611
510
526
771
166
673
233
544
139
248
388
101
170
717
277
229
574
124
373
256
426
237
503
741
728
548
303
719
736
174
539
736
781
626
406
454
346
341
598
630
533
613
263
368
394
474
420
153
447
166
562
151
760
583
325
794
608
787
643
729
416
601
163
552
364
577
252
412
576
735
364
590
782
185
592
150
147
