10
100
180
791
404
336
505
760
643
756
212
305
568
565
105
745
474
149
114
401
535
257
495
125
335
604
392
603
674
760
786
514
644
514
602
493
487
409
714
248
427
348
399
760
367
486
290
351
475
186
586
743
537
662
147
672
187
780
664
189
712
752
493
238
726
394
582
299
436
362
756
412
462
764
389
579
145
642
642
332
228
440
582
587
109
432
476
766
170
741
355
289
784
115
159
261
791
502
753
406
359
568
