10
100
569
305
341
707
772
551
721
591
323
255
397
467
655
251
416
562
783
203
428
399
431
458
136
734
524
567
230
769
347
785
687
437
497
244
656
764
394
202
610
198
176
464
473
234
665
183
732
686
709
233
207
753
300
157
315
257
367
191
396
355
639
659
212
216
493
152
538
195
668
175
406
256
256
166
143
695
172
399
369
214
496
157
482
492
788
278
108
417
579
282
736
294
746
566
516
637
142
578
446
423
