10
100
559
141
362
298
578
133
415
228
698
220
395
446
450
622
383
576
655
503
133
525
583
166
176
670
200
631
300
114
487
579
305
730
427
477
231
161
475
579
767
418
601
493
322
529
606
337
692
587
612
659
278
349
335
433
799
131
623
136
166
468
271
798
242
542
720
416
767
302
417
367
463
646
563
768
417
283
526
232
635
467
436
692
268
110
449
492
121
169
195
267
431
502
487
594
220
409
320
505
327
741
