10
100
760
652
750
736
413
334
348
582
233
173
297
405
530
165
655
600
510
101
694
423
703
716
351
625
646
110
465
665
257
154
373
296
674
455
597
623
370
207
794
444
549
219
687
456
212
205
471
644
500
467
693
640
106
234
201
261
679
392
583
218
473
782
263
203
110
469
688
651
781
294
776
472
545
699
649
566
595
420
639
508
503
265
466
308
633
764
693
248
533
682
153
190
307
633
561
467
753
539
784
140
