10
100
535
211
504
571
120
779
314
281
237
759
258
272
269
119
476
693
164
638
583
464
752
746
424
617
734
356
307
102
150
259
703
175
531
298
725
560
297
517
289
680
167
382
339
376
319
281
451
787
531
400
113
510
497
468
186
341
326
380
324
484
505
298
785
735
638
224
206
141
469
447
567
347
370
768
408
692
611
596
142
504
100
625
536
159
203
480
656
219
333
740
209
739
717
237
639
753
442
535
108
740
