10
100
280
115
752
121
762
444
218
537
441
209
493
480
588
717
502
239
731
103
276
287
543
261
483
593
518
637
731
104
704
603
143
610
323
606
223
279
368
693
173
667
763
608
107
605
508
766
224
760
100
599
170
667
621
583
660
148
202
234
386
191
475
486
101
514
580
631
567
799
463
348
686
703
143
504
708
748
552
620
707
578
352
727
640
194
630
583
572
670
664
477
383
132
161
799
348
427
284
386
491
651
