10
100
711
348
380
253
507
788
457
220
195
326
600
185
692
638
738
234
732
136
766
551
158
207
777
724
595
399
766
638
686
101
509
130
612
390
321
229
481
454
583
364
303
491
743
649
122
580
605
149
342
435
374
212
112
723
193
281
799
363
546
178
526
305
731
469
792
470
324
195
662
380
105
390
236
655
362
759
793
482
771
741
199
170
449
751
414
371
288
783
445
776
557
599
697
391
782
794
485
785
498
523
