10
100
589
772
689
543
548
388
735
398
479
178
686
650
284
656
451
739
638
715
588
264
328
710
776
754
776
102
578
590
220
181
364
626
699
669
323
170
474
683
334
151
663
595
729
146
123
552
414
497
324
570
784
396
582
111
692
344
484
633
714
592
379
610
570
443
644
531
232
549
424
377
507
460
755
766
285
573
147
774
276
730
163
139
609
413
651
236
711
502
767
316
770
310
163
236
555
396
360
558
526
648
