10
100
435
763
724
417
286
287
190
368
651
111
238
439
672
226
235
293
350
147
283
194
689
583
397
666
509
387
560
229
445
682
250
311
105
752
253
533
322
426
432
470
664
517
489
188
628
651
189
253
307
763
473
518
538
671
529
485
407
525
652
539
555
730
371
560
334
643
255
108
756
249
394
187
606
611
450
277
438
284
590
446
440
328
489
137
575
367
611
631
201
448
160
675
663
260
117
703
355
631
138
215
