10
100
229
496
680
282
795
558
295
104
592
738
514
156
595
438
367
409
576
554
714
253
656
245
622
261
216
183
216
618
495
378
219
435
350
270
243
736
605
412
780
617
161
110
449
585
699
153
434
464
333
106
680
286
766
688
476
650
596
716
613
454
716
532
108
413
779
700
113
441
736
180
294
712
459
275
283
796
232
357
610
370
715
763
308
107
287
268
291
631
269
739
611
257
508
749
686
603
747
583
402
470
