10
100
644
317
296
164
229
279
227
398
320
612
392
789
169
270
472
757
516
760
196
285
396
284
792
465
442
675
313
695
742
483
350
277
284
154
306
174
781
381
249
743
150
622
450
348
192
602
376
449
423
584
682
357
500
419
454
578
707
172
247
713
527
214
389
353
180
102
156
138
244
423
629
191
746
618
726
129
423
484
403
650
378
443
537
395
181
592
177
680
477
629
279
613
136
647
605
774
615
710
305
779
