10
100
649
529
380
556
628
668
611
196
177
477
377
689
205
257
225
258
125
582
573
325
276
654
360
433
315
321
783
368
582
181
793
338
144
452
482
638
613
720
436
783
334
563
561
221
658
351
490
619
478
120
166
622
754
716
591
591
796
221
558
512
337
354
558
184
376
442
556
280
691
667
750
780
334
590
393
282
399
653
308
395
660
349
661
491
592
772
314
344
562
337
562
145
398
484
631
683
227
347
361
205
