10
100
611
170
776
710
337
322
399
381
277
319
434
372
187
405
192
519
260
227
780
170
737
682
251
131
298
336
141
570
237
436
267
500
398
266
709
251
193
410
464
597
496
567
481
667
106
350
556
234
797
267
619
781
626
758
789
422
732
728
195
228
399
438
196
206
704
386
744
360
624
350
449
529
340
713
307
395
495
459
603
373
242
254
791
568
356
786
248
614
232
590
610
382
649
352
564
169
410
377
642
357
