10
100
316
742
176
743
113
146
139
194
408
691
700
505
675
663
740
696
749
780
247
670
611
616
546
526
359
799
499
745
347
480
589
445
105
590
172
729
232
257
509
482
257
405
268
766
189
530
308
279
128
547
227
791
764
712
699
151
534
323
372
179
675
794
655
726
635
499
164
202
666
298
560
499
392
140
649
169
352
728
461
386
214
471
608
584
674
311
413
567
611
318
411
694
743
662
134
139
436
664
261
234
