10
100
655
516
757
164
632
314
242
341
174
240
780
756
726
381
753
527
421
247
272
587
356
271
185
368
528
682
550
263
151
551
692
763
254
519
135
361
139
792
408
650
332
714
717
372
795
619
107
162
717
350
490
455
588
763
749
272
236
492
113
385
544
608
325
347
443
333
256
607
380
646
520
594
362
347
549
479
267
719
749
313
343
537
630
732
471
378
613
347
308
786
503
308
306
626
251
632
103
505
179
220
