10
100
354
466
610
452
584
466
116
777
443
662
388
366
641
541
198
662
747
221
644
348
201
193
292
786
215
547
316
424
232
371
700
590
172
122
109
240
749
679
159
710
461
459
735
108
464
424
397
521
503
149
466
658
641
372
171
595
340
115
387
385
539
289
530
241
288
459
544
202
569
699
253
664
587
110
293
292
538
427
411
409
350
682
752
452
702
458
507
613
714
513
248
447
715
776
230
457
286
623
271
359
