10
100
569
765
556
354
427
363
223
540
377
560
361
216
560
458
206
135
507
277
542
623
336
582
421
187
722
275
373
603
227
377
188
274
533
267
366
373
624
414
245
644
253
370
515
296
792
446
287
459
640
759
654
525
622
454
719
251
452
608
800
656
277
298
208
168
295
551
106
776
544
769
234
325
172
224
715
415
382
437
535
454
539
720
400
296
774
202
162
254
544
732
625
583
177
144
626
443
489
413
587
533
