10
100
651
174
393
170
716
109
371
365
627
466
608
111
188
648
133
791
557
205
342
189
357
685
144
747
375
645
398
453
724
665
114
748
287
112
536
570
537
391
292
400
423
668
528
172
545
768
410
153
488
750
507
613
545
655
740
249
107
427
616
409
431
717
334
369
582
348
661
497
549
273
187
689
337
692
458
378
639
449
776
125
169
114
182
574
190
323
312
190
800
304
723
171
194
778
698
434
421
729
528
674
