10
100
712
236
342
797
393
781
123
183
620
213
256
464
718
782
346
592
717
511
753
757
444
136
722
290
196
394
187
658
173
195
354
214
103
580
251
344
430
435
460
568
180
796
723
131
610
214
517
469
617
117
515
131
735
520
711
405
301
129
126
595
398
119
190
482
672
372
594
165
519
108
216
770
463
786
337
430
187
766
309
256
260
669
415
667
519
495
699
699
746
423
669
296
100
384
579
670
249
507
780
633
