10
100
568
243
544
567
304
232
358
560
797
319
480
618
232
561
788
270
414
665
102
129
605
264
261
147
640
772
579
153
723
395
170
567
690
541
462
482
156
486
166
125
230
626
239
699
504
299
611
184
424
686
587
532
132
177
129
322
785
433
613
199
136
693
154
786
221
685
315
764
482
195
383
740
194
215
225
277
357
768
521
714
160
301
362
437
626
170
636
155
727
175
578
630
676
593
104
582
496
172
214
385
