10
100
330
702
285
445
213
123
779
770
306
322
329
445
173
717
733
253
660
395
559
158
173
150
280
708
258
469
579
427
134
409
122
376
517
148
526
487
605
204
272
271
150
140
725
413
301
229
402
323
420
509
636
777
669
704
197
427
587
322
606
188
623
331
404
798
359
102
116
551
402
141
377
214
246
778
235
410
520
345
535
577
503
529
468
204
714
685
606
249
784
744
503
514
293
780
679
714
492
763
567
309
