10
100
140
374
455
277
394
545
120
217
438
298
683
644
699
674
463
158
163
725
245
479
376
241
705
147
502
547
714
318
270
574
718
221
289
111
696
492
443
429
384
387
556
172
384
769
534
541
644
266
684
134
508
713
103
476
352
151
152
511
583
728
388
379
122
648
289
467
659
313
445
627
580
231
421
275
273
506
306
771
611
493
323
260
199
739
627
598
512
191
568
452
695
586
235
471
242
504
777
237
455
112
