10
100
415
319
765
662
557
669
372
749
242
551
585
706
153
239
627
633
388
361
761
310
600
770
769
257
321
295
707
174
146
164
437
348
308
602
727
441
114
404
334
551
366
185
259
345
350
203
474
477
607
455
327
664
272
252
528
756
193
773
393
566
624
775
181
585
487
206
100
763
320
471
180
176
495
679
334
358
303
372
582
411
728
318
761
697
384
690
401
389
739
105
183
116
299
463
768
573
183
729
395
599
