10
100
260
716
301
395
544
166
524
682
501
115
688
334
583
133
721
144
202
795
350
795
512
266
214
239
336
187
339
371
697
518
194
552
398
156
319
426
200
546
634
107
158
343
312
539
637
766
643
527
708
619
353
255
215
594
218
771
615
737
138
140
395
202
593
292
468
677
773
723
635
170
384
787
430
299
225
753
138
429
145
243
588
396
673
344
313
614
618
290
601
237
455
629
209
418
276
251
754
723
723
608
