10
100
194
187
220
390
255
187
538
757
274
452
363
306
527
364
182
245
588
726
442
510
342
699
196
301
478
532
143
196
359
259
225
236
261
672
211
281
289
268
451
553
175
777
703
243
640
252
542
499
736
356
636
583
266
495
702
511
277
552
437
363
223
281
621
468
210
284
196
367
614
353
525
745
468
102
714
644
238
457
125
453
558
436
351
161
448
394
371
601
610
546
280
653
590
368
295
236
326
269
634
670
