10
100
688
315
263
729
290
791
465
319
399
494
740
111
748
441
189
568
346
325
475
769
242
719
626
701
167
545
411
220
254
330
404
282
124
720
101
158
262
486
439
417
752
294
160
490
196
353
782
602
408
342
513
389
781
203
269
477
525
420
745
748
391
362
373
172
358
311
453
324
300
159
655
664
134
380
296
296
131
380
506
616
709
520
243
406
302
114
209
236
404
505
623
715
282
608
580
227
271
337
377
549
