10
100
680
724
508
313
404
164
222
238
799
747
350
697
572
264
561
452
320
647
707
512
219
184
360
633
694
628
611
209
452
462
452
733
314
250
331
730
196
466
281
670
479
180
324
356
753
145
352
680
130
436
181
663
544
377
481
265
410
742
380
570
369
521
144
646
108
176
534
184
248
162
229
208
214
324
441
459
476
169
586
457
766
723
439
739
571
239
371
765
498
614
347
509
322
648
508
118
695
698
524
449
