10
100
561
637
174
473
525
278
719
600
635
757
543
334
490
686
341
256
147
118
703
571
785
641
410
596
642
749
523
521
242
492
232
547
782
704
588
191
596
292
703
580
204
720
437
604
526
147
449
257
572
361
325
649
212
569
386
685
320
474
165
234
283
725
565
660
606
735
584
635
766
184
524
522
762
695
467
641
732
675
333
401
743
141
110
413
757
124
254
573
778
137
172
427
462
722
380
403
318
576
624
425
