10
100
611
198
782
598
439
201
382
337
163
169
433
503
286
211
645
429
399
376
215
290
370
575
159
412
316
677
212
758
743
784
110
588
761
279
343
397
681
554
289
524
578
199
715
640
436
185
153
106
462
106
566
613
181
206
567
587
504
776
727
282
365
324
657
737
545
233
460
109
658
476
261
693
523
416
614
696
303
480
278
207
125
510
475
334
571
382
218
405
539
107
214
262
199
108
651
622
597
258
539
107
