10
100
493
741
335
148
496
751
423
402
457
276
293
722
585
311
512
677
460
231
190
703
577
172
365
354
562
777
557
247
362
315
391
665
219
389
712
349
103
601
656
356
739
402
510
396
588
419
539
243
725
451
691
620
774
442
477
759
630
228
429
341
246
167
223
202
305
530
489
424
261
376
587
691
752
105
766
126
599
678
290
108
267
211
646
247
613
560
517
155
397
758
747
676
280
443
360
400
688
659
474
747
