10
100
757
741
240
189
574
785
395
445
631
419
148
481
705
532
387
314
436
317
769
135
348
525
483
144
236
589
581
561
537
117
176
407
370
572
529
678
654
114
196
665
399
531
165
778
176
329
757
623
157
612
104
768
433
627
510
477
104
489
271
523
751
579
391
569
271
416
252
234
203
511
475
328
613
180
344
761
765
453
319
730
659
142
506
479
656
492
718
439
561
198
705
532
296
416
553
364
744
121
571
280
