10
100
478
776
612
618
442
700
168
645
246
406
367
170
782
241
213
645
187
402
563
774
649
158
149
722
657
753
190
206
755
773
766
256
356
799
174
242
332
531
762
698
186
285
226
696
289
565
600
314
799
414
596
472
754
134
751
139
140
690
316
722
732
476
648
123
108
673
355
284
549
261
435
185
598
328
471
243
105
136
618
561
551
375
253
774
627
281
311
753
412
538
180
795
109
752
392
580
369
596
566
414
