10
100
797
706
260
558
464
406
333
193
764
659
489
659
252
417
415
653
424
319
339
767
600
515
554
691
700
766
421
105
684
714
356
435
164
335
478
491
306
558
141
678
286
566
441
381
242
169
591
430
185
253
777
127
493
603
293
770
477
697
738
222
629
689
301
290
128
450
112
249
145
192
277
356
302
571
275
636
213
153
244
545
510
774
335
201
525
446
238
403
364
475
290
707
346
119
655
494
623
548
673
205
