10
100
145
501
527
275
640
675
111
678
729
185
320
507
763
302
189
410
583
317
490
754
193
443
623
400
595
690
603
574
610
612
412
495
170
629
232
192
288
730
144
685
393
741
715
149
754
774
243
750
167
457
597
254
128
424
616
615
772
493
187
634
486
114
307
696
609
393
505
682
495
686
650
150
454
279
129
106
674
233
708
730
306
506
451
688
239
755
435
125
438
605
422
320
258
103
319
723
344
339
405
365
