10
100
339
708
521
730
231
600
207
254
487
718
171
279
131
706
125
143
141
649
555
353
790
647
506
144
562
562
432
118
149
645
332
154
312
226
149
289
627
100
351
386
499
164
588
667
361
746
619
321
231
603
717
497
565
692
151
458
465
423
741
219
276
379
779
561
153
314
347
412
204
127
489
713
101
315
465
749
281
488
783
262
508
173
104
342
716
488
721
277
625
388
213
200
236
790
776
391
499
467
525
772
