10
100
216
398
507
626
116
660
714
707
745
533
194
232
737
130
761
642
364
254
742
508
101
400
299
624
770
428
598
158
349
309
365
699
779
753
320
655
215
500
780
351
182
102
131
284
284
268
499
260
797
385
262
104
537
719
768
548
507
587
605
788
707
207
564
425
628
622
363
173
622
295
453
647
642
286
500
620
559
499
135
362
658
305
592
251
196
741
199
259
358
583
574
310
358
295
366
119
748
554
393
604
