10
100
462
641
167
301
737
376
155
129
658
476
443
479
339
114
750
669
121
594
715
243
359
362
133
389
695
718
759
613
194
477
583
511
469
627
189
297
565
746
185
121
431
505
205
248
364
637
190
725
621
590
442
510
512
547
456
292
472
125
722
569
798
752
504
613
569
508
700
403
237
357
565
642
194
741
220
133
217
451
532
352
480
581
362
373
651
246
307
385
555
188
291
477
321
241
155
297
697
482
407
291
