10
100
771
410
700
411
718
730
123
460
178
197
654
149
253
621
408
788
206
234
527
228
572
449
321
401
154
173
309
325
190
114
516
494
294
248
354
436
173
271
781
651
121
220
323
522
285
577
389
599
106
432
240
162
739
745
553
557
641
756
140
303
443
193
567
185
291
242
418
109
159
495
263
339
347
273
781
110
744
126
361
614
271
709
594
455
703
421
715
396
151
240
638
559
741
315
662
617
346
238
651
152
