10
100
734
473
479
289
453
435
603
765
165
161
112
742
685
223
139
202
362
189
619
602
123
300
177
331
290
512
385
153
366
427
381
414
412
787
786
525
482
247
774
729
241
728
232
534
162
332
689
123
788
451
119
542
775
433
523
560
711
131
280
704
107
532
682
470
167
345
734
614
425
488
533
703
465
325
632
359
414
394
155
671
207
406
716
171
432
218
687
108
546
281
161
773
766
162
478
114
635
746
430
226
