10
100
633
656
113
665
618
792
302
580
303
126
307
416
718
685
395
641
155
109
680
779
436
160
129
298
749
686
643
371
771
771
104
209
460
764
316
577
722
270
402
472
746
532
185
296
434
670
244
278
182
410
744
498
153
183
435
361
419
696
745
368
574
581
217
545
231
518
354
459
387
536
416
799
766
283
100
239
133
178
298
180
293
631
521
549
451
742
710
693
158
676
413
439
328
713
238
630
228
466
687
333
