10
100
362
432
565
141
572
358
699
182
702
788
627
423
768
494
570
780
724
533
210
668
608
308
676
774
157
125
393
786
704
415
218
105
234
428
340
133
541
611
161
432
531
255
453
659
226
220
782
579
725
229
618
250
143
548
614
386
239
326
558
790
597
328
305
363
698
225
182
800
765
274
164
638
673
363
635
699
449
632
510
601
233
177
447
342
426
122
622
664
600
565
785
783
695
500
490
505
286
723
201
411
