10
100
749
516
607
368
762
505
732
584
616
315
556
722
145
666
767
688
732
428
587
580
373
229
280
177
123
625
328
702
213
443
790
451
540
210
122
415
633
153
498
253
502
467
672
765
247
366
243
218
557
107
586
664
570
389
350
422
123
523
241
741
764
285
278
734
645
537
721
191
790
523
375
466
336
249
671
631
355
225
121
121
138
692
147
139
669
318
586
345
564
676
267
614
587
385
573
175
649
641
760
421
