10
100
552
625
675
729
432
284
471
285
202
232
227
293
422
409
164
658
378
375
243
665
499
460
217
224
750
289
562
579
600
273
780
288
562
492
680
491
413
435
435
542
383
331
108
122
424
540
757
122
353
432
116
210
168
234
351
759
538
251
587
763
676
270
111
120
575
526
361
701
630
756
768
571
726
119
392
315
208
101
432
415
124
579
596
213
740
275
558
550
631
178
195
270
150
146
682
615
175
573
177
678
