10
100
267
152
291
799
490
531
391
469
341
364
105
360
243
706
518
586
251
205
123
632
198
283
305
421
712
679
486
146
203
776
464
285
437
394
115
382
375
774
671
109
690
114
573
507
759
502
608
489
730
307
104
532
268
760
321
237
267
795
292
262
545
479
567
236
509
405
105
343
701
571
363
283
311
120
446
511
472
776
137
143
728
627
305
648
570
713
680
600
462
566
610
423
227
234
690
300
416
383
370
354
