10
100
126
597
468
118
360
606
584
213
319
176
216
166
586
574
508
616
339
279
459
228
473
337
483
438
582
779
532
551
334
717
506
740
312
725
129
297
229
483
408
276
120
100
358
699
313
214
208
743
168
164
585
503
495
542
461
126
544
309
189
525
777
403
506
758
205
505
309
497
212
189
218
559
138
250
696
118
753
697
360
394
197
326
760
107
599
675
129
220
163
341
622
447
147
681
310
136
792
484
768
738
