10
100
292
205
457
734
789
725
746
102
759
463
657
363
165
451
643
732
356
367
312
148
703
208
414
439
323
745
787
550
671
635
596
762
601
731
129
771
714
146
688
754
174
212
427
503
700
191
198
135
229
183
448
283
769
696
399
348
302
291
202
441
287
414
470
696
724
588
581
748
292
785
656
100
174
480
214
764
344
672
507
255
235
481
717
195
280
221
640
365
133
455
740
640
557
508
278
305
595
675
520
337
