10
100
258
616
393
218
256
161
521
220
667
658
323
614
265
398
769
456
175
431
150
541
509
643
259
260
683
196
144
240
614
263
537
252
683
618
761
797
480
610
707
667
520
316
191
283
633
460
584
306
636
414
313
419
469
570
345
391
520
691
741
614
710
529
179
709
462
631
572
418
248
504
634
663
500
471
142
578
704
190
168
325
768
155
675
578
466
566
403
784
451
381
425
397
650
737
170
294
231
150
636
156
