10
100
379
637
584
291
201
532
185
297
423
720
738
365
125
674
367
381
739
525
121
572
580
638
349
460
773
660
755
103
139
142
627
102
770
741
644
392
458
186
654
595
724
437
429
564
306
598
597
389
727
522
239
586
134
384
281
355
620
426
738
218
311
182
246
630
340
681
673
762
782
511
689
267
275
476
730
512
715
716
420
389
212
103
381
705
249
723
710
335
385
612
333
268
151
690
739
109
424
653
779
372
