10
100
310
409
292
407
552
706
711
301
399
659
448
383
349
392
571
118
305
418
290
345
240
332
161
668
344
488
566
509
635
348
365
353
756
502
630
353
640
668
148
519
654
669
200
377
512
174
417
204
473
730
406
345
605
252
160
690
225
305
635
340
321
244
304
245
543
645
288
412
564
597
561
788
232
780
527
226
581
409
478
522
124
667
422
118
422
588
489
598
623
146
107
739
583
693
163
555
655
687
427
605
