10
100
687
653
166
200
654
384
156
753
404
590
640
377
587
246
530
797
630
587
374
241
636
123
479
462
647
347
615
615
789
400
596
422
185
326
338
709
256
292
785
616
476
687
111
580
625
294
608
601
396
244
334
775
601
432
343
604
322
320
193
583
568
610
625
463
379
190
112
485
129
262
700
691
790
235
700
406
566
102
176
711
125
190
300
763
279
376
775
617
557
194
244
711
744
505
373
120
502
442
298
602
