10
100
133
454
567
113
197
230
113
124
189
354
315
775
246
637
380
110
323
732
698
331
513
576
794
628
139
320
261
692
522
426
564
202
217
536
715
584
243
625
134
648
360
221
276
800
447
610
135
424
641
199
325
349
253
576
334
580
360
123
153
311
277
423
684
209
491
227
112
680
184
105
271
297
528
271
565
718
440
680
472
569
240
600
133
705
556
461
396
545
722
383
253
185
141
266
740
585
537
773
620
424
