10
100
544
388
762
230
540
620
287
468
760
136
681
533
507
553
644
688
783
477
191
758
409
163
707
663
719
734
269
430
624
774
362
381
252
111
150
792
575
260
734
326
387
145
481
252
486
402
330
421
303
148
170
336
329
235
295
382
501
366
236
438
173
599
561
767
357
219
659
268
539
288
192
525
570
764
729
204
641
602
543
150
713
129
799
241
145
794
701
627
280
180
530
341
216
522
641
282
443
560
647
783
