10
100
658
269
635
143
277
351
239
553
160
345
800
217
104
378
579
719
657
428
388
192
105
245
318
336
751
153
140
299
641
622
595
539
195
613
633
561
593
307
459
326
241
502
527
440
519
783
723
414
490
673
420
596
199
257
108
787
638
280
397
424
387
319
497
345
132
633
376
519
359
687
284
759
619
648
464
210
367
260
324
512
690
693
602
727
585
265
784
157
438
143
216
633
759
412
788
566
403
528
673
390
