10
100
283
566
648
722
720
723
155
333
652
600
276
188
612
220
286
226
472
188
510
738
459
743
282
795
247
275
268
365
328
331
775
496
752
282
229
179
741
578
131
381
586
565
385
559
211
685
403
242
721
654
387
799
507
604
680
365
653
311
597
160
691
694
234
475
151
582
340
324
275
669
277
792
309
635
350
135
271
646
106
276
392
223
322
157
737
798
252
482
290
728
663
222
430
301
734
306
166
609
740
478
