10
100
591
479
153
621
528
331
372
107
414
212
191
336
143
652
165
212
593
641
564
194
785
530
380
375
130
202
706
146
148
223
588
135
755
365
759
111
231
399
542
576
266
377
529
323
675
376
536
473
589
419
533
285
523
578
346
144
419
546
245
519
664
784
287
399
479
346
554
108
689
477
156
789
362
687
610
560
633
597
291
658
287
565
269
545
633
385
511
193
744
257
456
451
573
539
474
773
748
269
699
635
