10
100
738
458
352
313
582
681
598
507
182
102
133
274
334
762
585
204
360
710
145
690
178
405
278
708
449
192
698
286
786
745
122
334
252
194
708
556
126
522
747
339
544
139
155
511
117
631
520
375
625
381
432
528
678
270
793
234
766
451
489
601
772
795
654
201
464
113
690
694
163
462
778
704
187
408
356
385
465
385
275
559
329
509
224
621
587
683
542
128
156
166
690
564
588
127
711
267
257
762
758
748
