10
100
297
118
753
269
745
794
549
486
747
402
256
338
240
751
800
422
624
663
147
396
524
279
725
557
136
630
186
109
144
582
574
496
113
263
144
513
552
462
779
690
259
100
155
156
140
181
210
678
200
212
363
359
207
404
724
142
538
546
571
657
395
450
510
662
396
580
597
552
446
743
748
451
572
371
616
564
550
362
349
320
387
207
116
480
295
190
515
522
134
256
348
405
421
466
179
400
732
214
468
409
