10
100
501
172
169
657
344
585
681
350
553
167
787
147
288
254
728
597
401
608
559
700
778
394
730
377
652
727
739
301
501
395
764
507
610
160
667
581
517
228
571
719
728
700
219
162
409
793
601
712
156
341
157
609
736
769
263
502
597
636
379
478
575
465
382
775
346
738
269
567
681
771
739
429
252
559
446
769
332
705
428
436
558
413
315
415
477
566
305
679
559
670
520
732
591
180
535
312
346
703
485
285
