10
100
473
573
648
304
771
318
369
244
313
276
712
139
136
357
592
308
376
374
611
216
232
144
661
759
212
464
501
421
349
751
516
719
695
374
546
605
582
149
287
157
171
512
575
239
769
569
637
234
413
115
424
160
149
443
314
152
665
402
292
123
511
360
705
303
794
719
389
548
239
614
579
525
240
290
585
775
268
150
646
446
470
675
761
108
231
423
396
537
421
507
460
272
208
138
561
359
354
754
635
156
