10
100
255
718
341
142
308
355
112
751
286
789
683
609
382
261
361
452
190
204
504
286
780
432
308
283
632
118
199
437
159
341
484
400
100
511
176
193
781
565
207
396
159
543
502
402
447
334
734
359
195
304
555
478
565
688
702
520
569
467
774
155
186
617
688
201
161
530
208
532
564
215
753
266
232
573
370
225
595
336
796
673
559
204
682
620
680
133
200
117
498
315
225
615
263
218
285
594
724
622
194
481
