10
100
452
399
301
270
422
448
454
489
711
420
306
408
603
575
519
713
529
543
145
615
455
647
361
655
549
602
669
793
623
484
179
769
455
485
462
637
274
131
181
778
735
485
395
683
250
216
239
718
220
250
477
558
616
194
233
597
647
533
198
735
308
102
407
738
694
740
291
775
289
204
312
730
540
682
267
383
393
648
565
480
114
225
180
458
380
406
389
565
143
343
266
639
280
433
771
474
401
660
597
355
