10
100
250
385
454
529
646
628
513
269
451
107
665
717
774
618
472
253
563
632
362
265
250
472
107
608
668
664
277
136
738
455
372
222
244
716
624
736
671
713
480
406
621
655
754
160
508
219
356
333
423
751
202
150
280
631
287
193
126
631
444
135
643
331
571
148
304
323
336
391
425
383
463
673
578
616
675
283
480
682
634
109
667
596
339
720
531
300
713
621
740
109
147
300
228
641
341
132
364
105
400
568
