10
100
133
648
453
799
260
339
644
512
440
617
334
745
605
505
398
144
309
156
419
526
100
252
498
761
255
177
427
639
403
565
449
701
715
421
785
149
468
727
640
542
296
507
181
541
398
782
597
658
334
286
118
461
393
474
733
162
335
187
356
278
405
305
594
764
429
169
667
325
480
480
615
107
319
773
483
554
416
560
366
538
334
664
648
181
107
509
301
336
373
494
268
144
598
346
714
378
261
439
558
646
