10
100
474
607
609
404
696
749
742
612
532
735
368
350
740
619
776
526
394
587
749
455
539
533
646
328
295
509
358
345
158
647
234
726
567
555
790
493
637
295
483
641
590
130
673
461
135
446
245
363
545
449
221
654
589
543
134
501
358
676
187
569
355
261
778
228
758
381
107
545
166
556
359
438
117
593
755
715
678
511
578
587
410
639
286
652
718
490
689
453
559
607
198
421
439
387
664
479
282
284
773
231
