10
100
728
778
104
497
480
510
610
746
214
738
410
774
626
293
250
310
119
681
561
734
551
750
636
535
545
646
785
751
188
330
467
772
293
381
794
637
444
164
205
686
714
385
133
700
751
210
323
611
454
165
641
689
109
309
252
499
711
682
483
143
248
528
138
268
680
498
116
148
368
115
484
153
704
333
533
178
292
650
406
358
525
613
108
551
119
790
782
702
335
416
559
676
569
120
398
270
421
625
282
104
