10
100
408
341
694
185
547
109
318
506
779
209
598
198
283
528
521
767
541
341
202
334
577
690
765
303
780
626
191
290
594
640
558
237
583
656
737
600
476
306
473
607
183
779
445
193
288
543
390
718
614
347
210
240
368
688
552
192
556
166
761
304
277
306
512
723
188
751
212
791
550
242
183
114
139
565
715
496
246
172
192
343
436
581
406
459
797
349
125
200
151
423
758
112
757
560
278
544
561
123
630
430
