10
100
373
227
470
635
746
651
348
523
580
725
174
375
404
480
600
206
569
486
656
686
160
201
615
171
295
696
110
324
588
546
653
691
689
316
598
466
607
199
108
430
500
643
684
155
640
350
663
297
155
749
701
152
152
143
331
294
704
637
289
486
114
528
117
563
668
189
149
799
540
408
159
337
593
219
295
705
141
493
782
395
598
719
400
131
183
144
745
605
727
509
148
377
626
532
394
277
595
392
286
255
