10
100
631
412
185
322
629
314
268
184
185
188
295
630
237
238
399
436
648
399
118
149
167
433
209
173
783
205
421
428
325
130
252
184
675
398
581
180
716
368
569
700
686
247
339
540
390
136
334
341
398
653
144
505
602
231
311
673
368
295
108
793
249
104
396
251
377
182
352
688
430
311
674
577
478
505
660
491
593
761
364
137
648
280
125
470
281
369
272
369
438
508
303
511
189
204
339
396
722
314
659
466
