10
100
675
436
348
531
713
732
509
584
517
202
728
708
780
484
344
650
553
446
691
484
706
496
594
797
574
745
458
247
374
765
215
304
295
204
259
354
468
292
450
692
405
610
690
777
719
236
278
472
114
477
249
755
255
759
265
401
308
302
605
547
756
676
111
326
394
110
630
377
497
607
404
235
756
505
261
788
302
530
165
612
297
220
145
187
396
124
704
679
296
672
591
101
750
526
365
152
557
703
517
624
