10
100
267
676
131
725
449
217
723
784
550
660
132
519
627
654
353
119
511
220
668
206
130
499
502
273
696
171
352
799
474
460
794
624
524
503
257
124
119
601
688
338
738
740
769
181
427
690
531
129
252
281
531
482
407
549
505
499
710
159
301
509
567
406
279
695
521
585
497
758
462
542
758
452
123
598
145
295
447
244
228
353
226
519
737
604
625
254
319
770
765
198
271
332
496
318
741
115
543
767
609
548
