10
100
163
338
463
549
795
603
373
280
589
228
444
605
280
736
354
255
563
259
142
380
486
471
443
354
220
375
781
763
502
786
160
265
146
573
615
329
743
787
438
344
322
555
188
602
497
158
468
564
480
778
580
794
376
217
154
165
449
704
255
257
564
760
460
105
506
549
314
242
470
408
261
609
329
235
645
738
476
469
193
116
742
437
269
123
186
376
203
538
568
135
497
426
180
144
600
600
478
465
371
659
