10
100
654
601
775
516
287
447
278
154
797
114
661
333
663
183
220
419
778
299
773
445
737
491
167
419
207
575
407
512
472
421
514
718
544
412
797
688
460
656
267
446
547
389
558
569
164
353
193
452
121
438
247
242
370
307
372
151
671
195
604
639
738
486
542
676
550
753
102
380
149
390
452
325
308
106
206
330
565
800
214
517
246
506
112
446
361
623
652
533
764
407
605
127
294
750
146
677
604
421
203
664
