10
100
350
468
629
313
539
580
534
747
370
674
268
272
178
662
136
648
690
691
442
128
532
188
145
301
235
588
593
499
795
525
318
788
310
313
527
221
609
290
246
183
736
745
759
196
417
609
406
207
209
540
766
245
411
560
411
266
154
687
736
155
177
326
762
615
162
652
517
729
455
147
392
596
453
133
669
639
678
665
524
395
115
106
712
274
733
477
114
693
266
377
177
690
600
686
407
207
193
633
358
458
