10
100
245
623
122
733
657
474
288
549
438
117
370
643
711
610
741
465
719
233
297
392
427
719
189
340
480
344
729
649
252
509
562
343
261
580
230
470
560
618
296
611
703
774
350
461
592
162
289
197
791
113
373
313
216
590
752
225
310
292
471
565
275
427
153
734
196
258
652
143
132
529
477
326
782
763
407
219
126
232
564
727
747
513
467
355
518
502
667
126
271
721
346
257
443
785
701
531
684
553
796
122
