10
100
685
720
312
647
688
185
167
201
639
466
499
758
791
322
172
688
122
233
592
549
158
748
154
117
558
307
780
506
482
245
613
141
138
156
209
734
396
452
483
104
482
177
140
604
740
613
285
193
680
647
795
506
694
725
378
385
446
671
302
794
242
489
603
100
469
635
657
742
516
364
641
654
662
455
360
290
645
510
355
700
506
626
378
395
205
444
148
785
113
473
284
583
276
788
606
197
563
601
716
694
