10
100
760
715
370
346
565
127
218
415
297
592
710
459
684
148
768
779
521
527
147
578
491
593
189
598
158
477
554
335
734
266
318
321
315
282
663
384
509
127
723
188
618
711
619
642
411
142
460
583
266
311
225
644
785
330
520
281
486
662
700
594
672
415
681
300
673
420
117
310
261
176
556
750
147
574
767
281
544
497
646
482
606
590
396
610
155
214
584
239
164
165
264
669
632
674
192
210
716
276
594
146
