10
100
164
607
769
323
623
686
547
426
777
412
276
481
258
409
236
217
269
788
139
370
401
195
583
415
522
644
480
676
750
600
267
417
189
167
381
299
752
131
612
116
647
480
336
208
651
506
321
244
747
478
501
288
442
692
737
628
662
691
340
391
216
765
585
533
140
124
381
689
514
151
532
420
252
118
461
617
574
788
725
190
242
488
780
630
785
460
449
239
679
581
144
450
229
162
576
403
302
324
528
114
