10
100
504
281
366
770
168
797
474
560
628
109
637
344
635
784
208
527
773
583
337
327
278
623
525
418
326
393
246
134
504
653
765
462
348
209
102
198
365
563
103
684
421
232
356
218
412
451
704
545
402
542
419
210
245
466
362
704
773
747
411
160
262
465
564
558
184
336
117
368
611
357
527
699
716
429
732
402
135
457
358
460
516
623
307
147
229
434
700
366
461
747
411
157
284
364
277
386
296
509
169
602
