10
100
464
411
472
192
403
208
313
342
403
439
509
769
461
628
429
427
604
214
396
318
328
228
166
343
318
237
382
547
135
370
700
424
292
714
198
505
287
191
760
620
325
505
116
433
409
461
491
150
309
273
592
713
402
428
398
651
590
741
515
121
792
270
298
222
208
229
364
375
272
746
367
787
756
619
453
185
267
741
792
731
420
694
580
502
370
423
722
157
638
691
382
670
799
190
717
539
146
553
378
175
