10
100
337
395
314
586
166
192
440
428
146
505
323
589
410
448
564
533
159
539
353
454
601
171
152
239
369
165
346
704
214
590
773
100
169
160
429
608
397
712
150
287
800
651
565
625
119
474
223
236
799
772
204
657
726
394
491
401
553
410
732
398
685
519
462
503
549
559
217
384
137
775
708
582
321
167
771
245
548
618
408
643
202
686
483
450
153
784
506
309
271
122
785
563
617
138
555
571
711
389
489
288
