10
100
267
557
498
650
744
170
800
393
450
217
538
318
633
674
525
659
282
593
150
313
295
295
589
531
122
252
476
368
182
126
167
732
255
798
565
182
146
262
724
727
536
206
528
473
488
153
754
471
747
188
488
523
204
356
341
766
240
234
226
634
141
781
107
799
393
761
237
374
546
342
156
606
757
668
677
330
710
108
431
712
104
482
309
353
726
154
358
383
284
612
363
614
434
610
601
780
266
295
674
548
