10
100
544
242
414
308
577
573
410
329
662
752
155
427
441
664
734
719
662
397
529
323
157
162
352
172
725
391
350
399
259
614
580
697
778
600
369
154
505
292
642
768
147
595
123
627
227
153
123
576
709
701
386
549
782
681
723
281
234
248
716
194
295
139
297
359
447
723
507
329
321
522
216
553
366
514
740
461
586
202
108
223
159
166
130
590
736
584
316
799
796
629
383
159
696
148
139
522
188
106
235
504
