10
100
658
490
705
535
106
659
631
338
724
299
204
699
472
145
776
236
381
121
510
119
144
671
224
572
180
752
283
362
381
212
487
662
423
240
121
684
262
482
287
490
105
544
107
482
543
266
106
357
775
171
162
348
498
686
440
532
577
139
392
316
380
639
742
199
204
115
737
210
361
652
478
613
449
175
625
699
190
434
175
542
452
446
720
140
237
622
371
123
152
763
470
538
447
334
564
512
636
313
562
185
