10
100
422
659
244
203
460
642
176
237
339
537
671
492
139
320
442
489
287
332
614
231
472
325
568
735
135
791
281
542
543
251
725
109
723
440
245
764
586
445
220
342
716
136
387
202
234
259
648
505
451
615
248
580
269
501
635
158
190
741
782
787
170
281
398
409
469
661
503
732
565
166
687
755
345
750
737
287
779
428
340
132
551
560
368
346
588
692
128
776
341
579
395
368
564
288
312
158
645
468
776
128
