10
100
358
754
591
417
609
280
652
290
297
665
624
674
523
228
688
190
215
302
395
763
299
427
463
800
339
729
564
458
257
262
772
782
122
439
398
204
119
224
494
345
691
608
228
762
754
156
446
191
292
536
395
758
326
308
231
461
250
106
200
537
253
283
689
391
410
132
356
412
648
791
742
757
190
607
537
312
673
494
550
728
335
350
427
132
288
560
461
315
459
164
772
789
604
112
657
724
103
381
226
360
