10
100
470
305
535
242
411
589
233
378
389
374
498
194
683
439
441
124
386
218
401
424
527
355
595
308
352
520
651
762
102
214
712
525
449
439
615
656
715
648
646
162
764
767
371
220
268
594
438
150
255
773
359
588
617
442
664
512
608
657
329
760
210
289
685
711
278
499
392
750
750
286
399
703
446
609
670
544
533
288
590
588
466
476
245
444
406
205
478
256
314
517
313
716
615
353
167
442
241
332
327
547
