10
100
126
668
221
435
147
609
567
469
511
396
140
218
429
520
312
339
427
317
323
183
746
688
308
609
600
702
306
669
429
666
139
770
105
476
163
407
134
238
103
280
216
370
153
372
791
470
158
316
554
469
370
629
449
554
273
622
138
563
394
687
236
263
778
557
538
497
343
544
502
302
613
149
621
519
518
346
466
553
479
444
401
233
358
726
676
428
391
353
694
348
188
359
551
619
721
506
660
227
168
518
