2
100
566
345
655
392
364
751
213
263
376
603
462
279
320
270
335
701
508
433
642
372
593
252
439
591
583
622
590
735
634
590
493
379
320
258
586
176
169
357
127
124
588
588
748
797
247
255
382
556
254
459
676
639
791
168
560
618
734
175
510
336
245
209
674
622
741
445
575
668
130
370
395
497
137
633
329
100
489
171
110
141
284
506
120
747
237
416
565
467
190
587
130
310
314
734
415
255
364
402
728
136
