2
100
422
604
219
501
650
682
682
701
363
772
792
101
345
147
677
289
433
215
356
373
184
419
144
680
422
610
534
304
750
796
143
453
746
362
155
250
626
277
516
428
692
558
515
183
243
723
241
518
172
413
113
746
130
193
584
779
772
422
618
793
566
304
546
357
498
611
200
550
526
278
713
643
433
182
198
559
135
790
108
716
182
674
560
629
317
119
741
502
325
696
191
185
344
102
255
416
663
495
112
723
