2
100
663
569
366
633
642
241
589
313
721
713
727
319
322
432
577
427
505
640
657
347
432
569
515
610
310
517
705
121
308
191
741
206
352
740
730
413
788
642
373
102
424
186
251
210
354
518
471
278
240
763
202
570
389
222
177
153
488
754
475
764
625
212
571
340
379
777
271
733
190
648
115
193
799
625
557
735
764
347
614
262
454
324
205
292
620
631
552
534
429
480
555
650
586
774
353
792
326
525
151
214
