2
100
535
528
187
496
793
391
264
746
180
592
545
231
210
313
723
446
299
121
544
616
364
487
743
509
787
483
641
630
455
160
130
470
585
295
427
450
307
212
100
531
137
684
380
395
718
701
130
512
333
726
112
573
307
512
407
200
763
605
124
536
771
514
780
400
762
560
751
329
224
403
407
484
467
534
413
137
561
456
209
138
461
525
168
641
795
479
420
420
729
233
560
558
213
157
229
603
298
118
567
504
