2
100
579
192
583
623
151
470
126
327
597
630
238
500
134
629
385
503
369
768
409
681
662
389
228
447
364
249
419
745
545
165
166
380
274
345
301
237
797
776
196
662
767
106
452
422
774
292
149
747
329
216
579
431
636
692
745
229
527
534
747
411
287
507
435
599
745
450
336
478
434
775
662
685
644
636
485
364
128
485
599
509
506
591
243
469
621
436
310
236
189
394
423
109
112
777
393
524
173
356
446
669
