2
100
301
398
268
479
169
784
715
110
636
780
220
490
183
250
635
136
148
312
756
424
306
454
762
688
243
736
514
513
196
665
137
796
673
340
773
778
138
381
610
159
589
622
191
683
689
384
190
195
290
331
769
185
226
283
402
189
176
723
489
784
207
266
327
440
394
309
671
268
608
753
459
518
487
102
721
773
277
641
254
307
449
474
581
724
791
459
577
361
373
798
377
787
495
614
554
149
799
501
774
722
