2
100
487
325
612
656
391
135
682
708
322
263
716
239
206
446
136
145
556
766
142
202
336
347
608
654
608
426
666
475
644
603
157
703
521
164
570
252
388
281
532
301
611
784
600
450
681
605
512
656
416
513
113
547
627
402
466
309
452
266
226
342
483
653
600
401
454
482
669
301
605
645
601
110
431
781
128
505
394
420
698
510
318
312
105
305
753
423
600
715
321
207
361
767
230
456
556
329
570
424
668
123
