2
100
207
225
749
559
268
177
665
261
179
756
272
389
320
338
276
796
116
174
473
562
625
106
683
797
308
766
450
630
774
349
330
369
792
667
539
637
286
765
481
283
303
522
560
769
352
227
654
228
126
327
171
304
688
645
381
560
243
485
616
764
580
302
253
552
386
754
171
661
641
516
176
143
383
594
105
751
354
381
412
292
514
221
116
178
530
623
537
524
452
258
794
336
148
444
487
679
325
681
457
303
