2
100
387
164
548
558
326
179
479
308
518
752
392
749
227
104
765
321
324
751
397
386
620
669
500
682
192
749
545
563
671
519
595
411
608
339
309
417
521
280
220
247
406
569
395
276
235
111
658
197
619
792
298
612
151
747
750
585
627
413
746
285
532
351
749
297
611
645
553
403
511
471
569
645
497
654
471
461
546
782
135
800
312
712
737
800
671
137
435
255
532
442
724
150
138
421
364
571
329
578
689
187
