2
100
525
596
737
263
223
478
134
209
535
668
572
259
680
220
722
755
729
548
598
131
164
614
548
707
131
711
444
640
246
103
430
766
493
458
452
411
492
337
669
374
336
373
624
491
216
219
705
167
205
570
271
492
233
459
161
221
221
338
469
342
406
419
599
406
426
601
200
639
695
567
264
732
436
760
210
195
107
727
739
302
490
446
557
593
554
424
290
464
402
570
257
229
188
642
524
254
608
171
438
269
