2
100
272
565
404
442
743
658
689
169
691
787
552
702
299
628
310
264
377
769
341
388
231
706
797
487
609
522
779
326
511
629
494
554
489
292
784
611
508
535
731
322
793
203
336
252
742
620
575
143
119
607
126
326
427
783
679
509
140
336
507
130
631
276
130
304
353
554
440
325
417
159
305
656
526
201
650
490
697
146
311
383
351
551
469
170
382
355
146
548
496
655
295
632
231
256
343
602
149
494
533
304
