2
100
294
739
383
224
658
143
160
792
131
469
319
592
784
633
646
130
792
718
240
576
540
490
544
275
484
203
143
537
594
166
251
392
669
498
561
629
133
343
174
309
103
780
110
448
725
182
380
177
794
279
747
782
351
473
247
109
645
735
408
459
774
485
215
539
108
437
373
203
176
420
734
465
436
181
702
179
515
357
513
605
529
119
592
342
170
605
377
242
784
106
128
793
596
653
107
378
647
753
630
720
