2
100
187
324
159
225
394
140
275
660
417
470
374
778
398
400
437
503
258
389
533
194
712
615
176
485
257
195
650
188
750
793
517
686
535
581
397
689
373
297
220
273
431
366
159
191
245
296
332
658
264
354
683
309
773
613
335
243
274
175
624
525
364
774
597
376
272
741
399
636
676
361
622
795
696
391
437
406
661
762
799
677
153
146
126
620
424
616
655
396
682
557
268
625
165
371
602
467
384
652
624
789
