2
100
470
478
544
389
506
453
549
757
527
693
496
492
665
320
256
551
544
686
728
205
647
559
745
724
357
605
453
137
378
333
667
773
423
122
297
162
585
616
257
335
776
195
545
472
343
331
291
244
668
606
795
525
225
210
326
774
330
319
304
798
553
338
456
589
614
629
443
333
347
505
263
598
545
608
138
592
475
555
563
102
472
260
434
202
504
737
258
643
317
167
631
208
450
655
187
756
628
442
741
223
