2
100
142
302
694
714
356
176
408
243
327
559
643
466
549
196
304
333
367
561
620
231
408
701
289
431
261
662
617
387
552
188
315
330
281
395
285
227
645
715
170
316
624
223
688
415
452
537
529
114
357
488
446
530
183
769
502
644
576
360
297
116
151
127
785
167
544
293
636
440
415
186
509
236
152
267
468
631
431
123
394
449
263
143
562
136
106
569
294
190
263
713
294
473
145
460
248
393
514
544
105
672
