2
100
629
701
583
245
309
121
105
792
100
132
697
128
341
633
596
600
689
774
299
593
784
451
158
313
392
582
267
759
426
754
508
742
632
545
789
412
258
325
743
737
300
129
311
359
315
104
498
342
316
433
797
671
736
734
296
445
471
331
363
335
702
110
493
323
479
331
643
408
196
737
232
798
328
118
128
162
350
270
594
380
630
308
122
239
293
272
741
528
169
696
189
194
304
259
376
386
455
607
605
254
