2
100
406
772
586
115
191
420
595
600
175
528
266
371
477
255
768
699
478
273
124
369
716
590
458
594
750
649
682
295
700
301
586
672
172
254
193
128
143
595
684
591
130
190
604
689
434
457
644
321
354
214
192
489
784
503
369
506
674
488
224
285
678
529
122
701
667
529
399
624
223
559
181
431
709
256
604
794
503
497
481
237
225
346
563
578
422
479
267
630
139
480
183
599
559
518
550
334
422
392
611
573
