2
100
607
700
781
467
697
699
156
197
412
117
784
441
477
500
172
136
278
408
583
777
630
421
323
296
415
604
638
438
405
261
156
283
250
661
723
462
550
227
104
545
189
420
269
799
161
579
439
624
558
650
121
666
535
581
215
202
557
599
786
300
614
253
423
155
712
444
675
603
140
719
142
101
418
244
668
695
705
357
385
149
397
286
251
363
495
753
250
552
243
739
674
411
249
742
775
652
174
596
395
211
