2
100
152
342
543
733
374
774
338
361
423
499
316
340
220
677
547
330
480
785
542
262
401
642
187
351
436
509
144
578
333
660
334
354
152
434
685
455
761
254
671
233
292
329
409
605
599
226
543
204
563
717
198
130
789
205
708
447
773
424
421
378
442
405
182
761
477
432
583
385
696
564
795
208
731
729
372
733
160
302
533
274
236
655
715
392
168
171
199
306
595
656
623
578
226
600
253
673
357
534
345
196
