2
100
187
331
639
609
603
165
172
173
586
160
527
362
633
449
653
696
480
639
363
198
647
793
217
562
652
472
174
380
205
763
521
761
579
172
177
611
544
504
778
499
190
305
422
389
720
392
211
352
212
443
446
754
767
681
510
512
419
211
322
436
638
455
569
437
685
340
308
411
564
779
347
604
631
214
500
744
695
145
513
756
677
324
477
242
758
429
697
252
291
514
356
308
401
232
539
522
442
333
440
382
