2
100
213
315
156
501
341
250
265
598
354
185
720
734
524
219
564
144
737
213
252
132
282
419
484
575
623
167
500
111
634
252
771
704
422
570
244
473
418
751
781
710
641
248
554
462
146
724
232
392
136
184
232
518
256
613
252
216
662
365
370
519
759
739
230
264
221
130
493
138
185
251
267
585
415
629
312
591
143
279
123
146
493
258
778
783
764
783
270
682
504
627
220
462
350
200
142
742
244
593
311
571
