2
100
798
192
362
191
167
409
709
537
754
258
705
689
752
477
285
712
363
679
655
361
714
500
142
321
148
229
729
112
495
200
756
382
208
369
402
462
286
759
340
305
563
686
563
497
375
257
795
342
106
646
361
322
100
335
353
536
457
647
354
708
296
234
239
374
705
264
764
644
148
654
109
535
566
705
420
485
338
595
506
438
728
254
618
204
597
514
408
697
401
228
558
443
755
575
381
668
472
423
505
758
