2
100
746
401
621
611
573
147
370
368
259
189
320
467
291
685
741
667
385
601
569
526
154
619
610
294
653
600
623
565
486
737
771
717
513
779
452
325
305
127
105
744
393
211
387
569
480
736
129
374
641
301
769
623
579
711
447
451
478
231
197
131
616
355
494
209
453
113
786
108
705
380
597
425
683
641
108
482
709
146
214
268
510
634
650
449
587
122
394
450
252
194
355
222
751
132
618
774
148
353
681
683
