2
100
410
310
518
475
740
198
496
386
245
636
394
739
631
232
225
655
717
641
676
757
436
182
522
371
800
245
550
520
538
655
622
777
620
124
440
508
542
382
472
280
400
661
255
647
326
780
379
409
111
187
439
652
393
690
664
555
525
245
223
379
117
237
606
428
759
327
774
181
199
475
194
408
730
335
643
551
211
234
483
489
102
220
319
371
348
680
433
632
743
343
478
771
379
753
769
417
761
415
228
567
