2
100
286
777
233
786
743
184
547
204
185
540
111
492
444
766
100
104
251
687
382
698
631
251
458
140
665
329
560
405
438
186
133
220
653
733
695
514
324
245
453
218
242
769
324
662
320
685
302
325
608
763
220
281
383
587
678
701
221
747
644
345
740
316
138
421
106
103
287
220
142
467
752
630
683
724
132
115
418
112
750
687
718
352
296
730
515
656
470
620
479
638
379
105
355
580
618
774
682
485
522
278
