2
100
689
562
524
796
692
223
603
752
423
308
580
293
755
525
683
707
319
284
615
653
735
558
309
197
790
295
159
129
615
726
725
744
424
729
507
799
127
785
208
157
532
799
160
498
501
197
726
596
600
301
783
186
613
579
577
504
736
662
551
788
140
450
350
572
621
383
100
745
608
488
467
582
562
301
779
565
138
372
135
458
435
430
792
375
103
538
503
614
745
313
461
268
574
425
798
210
165
773
464
656
