2
100
607
300
728
532
440
603
588
224
220
676
209
614
763
388
727
265
472
544
477
538
562
527
650
527
640
326
624
572
784
634
463
343
275
318
104
603
723
376
107
239
250
350
485
482
469
531
410
183
314
129
192
380
564
525
635
634
136
292
464
434
247
193
231
793
361
657
799
398
605
122
585
355
157
569
705
694
723
608
467
556
366
657
755
659
135
594
584
325
351
375
128
300
575
135
429
132
451
461
468
640
