2
100
510
639
624
558
169
254
570
316
179
439
242
787
475
209
542
541
131
452
244
315
137
528
613
394
728
646
369
275
310
203
657
599
150
521
365
366
143
732
738
619
355
157
346
605
639
161
752
411
425
565
431
275
793
450
784
774
411
532
406
379
753
106
753
198
291
477
763
484
764
146
765
118
316
699
256
476
119
239
761
358
660
325
453
206
311
458
168
186
370
464
480
547
479
233
352
762
517
352
173
234
