2
100
747
318
413
502
296
689
314
734
671
734
355
266
488
613
797
282
793
216
611
236
116
665
685
136
225
378
197
210
135
427
181
736
105
258
244
655
201
588
379
559
442
178
140
250
416
487
101
678
470
688
685
448
280
571
462
208
395
116
239
213
446
641
308
155
347
523
676
581
259
201
773
269
731
347
728
101
217
213
727
791
473
358
539
795
215
642
625
702
173
503
613
794
598
104
759
178
357
260
768
303
