2
100
402
429
219
142
174
628
551
737
100
105
328
657
658
449
427
642
732
320
711
275
559
627
601
454
647
768
542
420
161
661
121
573
399
140
584
555
723
631
501
313
286
692
735
637
623
146
461
362
709
176
378
765
614
797
485
318
412
605
133
129
675
200
365
450
340
190
107
163
355
756
258
644
489
704
240
694
530
191
329
753
248
119
660
286
245
313
405
245
160
666
630
101
573
361
323
660
162
776
300
742
