2
100
461
344
724
509
264
119
520
432
634
166
584
494
559
239
301
310
181
127
345
526
767
455
288
194
643
154
577
644
421
414
489
411
685
403
462
152
557
168
396
732
645
208
240
777
554
524
740
720
784
538
167
705
591
594
333
779
236
134
156
546
597
244
628
407
161
776
132
172
598
446
461
644
592
614
382
478
368
124
605
221
782
134
503
220
482
711
620
111
259
402
451
577
559
189
598
382
577
609
196
590
