2
100
247
137
742
510
443
785
168
400
142
257
617
528
409
478
563
438
205
585
539
505
202
176
386
366
479
641
191
337
483
347
684
195
579
526
320
239
261
113
237
429
747
574
282
391
744
402
115
312
793
294
494
592
786
796
522
283
455
126
684
605
744
580
447
222
444
392
241
514
719
497
116
502
692
241
668
368
213
292
643
236
706
103
322
534
577
467
172
431
616
638
377
646
457
527
540
136
125
282
266
656
