2
100
728
179
361
315
138
165
328
112
424
460
367
203
407
614
471
473
131
716
417
759
478
441
519
688
156
379
457
390
574
728
382
681
377
166
797
624
668
508
506
167
597
319
353
154
129
622
119
407
189
263
507
791
176
565
390
348
555
349
549
110
727
235
571
484
566
111
131
209
745
286
449
399
417
712
315
349
694
378
700
522
579
392
426
109
789
223
433
369
744
425
498
436
638
639
345
304
177
562
225
492
