2
100
284
179
682
316
571
192
302
550
658
544
387
553
748
142
753
746
680
395
725
219
768
578
415
605
718
387
781
300
124
561
351
789
535
178
532
521
689
434
586
177
342
183
487
402
754
769
453
417
452
518
644
305
283
616
347
672
222
655
132
382
569
658
677
772
512
473
372
229
373
755
107
164
525
604
518
636
482
297
118
366
268
683
608
429
557
656
448
409
192
403
519
334
179
630
147
692
149
559
313
513
