2
100
404
445
284
484
518
573
769
109
683
333
200
247
239
518
451
756
715
270
635
656
533
333
667
774
412
173
791
248
529
179
582
218
660
537
231
683
504
273
597
336
166
685
633
783
134
535
599
418
713
524
532
391
245
241
309
243
505
187
574
717
360
472
339
438
120
389
368
485
451
262
432
718
764
673
233
490
587
453
518
239
407
462
148
442
587
537
364
754
452
110
105
719
367
414
623
654
471
550
455
615
