2
100
121
388
548
293
166
375
395
102
754
138
203
756
137
233
455
673
649
187
506
253
784
530
216
485
773
785
356
329
625
447
382
584
442
132
594
217
209
799
264
581
469
341
142
695
356
175
236
406
718
774
563
230
407
199
683
656
448
498
101
235
679
272
250
143
769
736
340
514
710
727
394
450
787
314
247
311
315
371
131
673
760
216
726
765
630
347
591
579
341
429
768
355
264
275
462
248
334
293
597
155
