2
100
638
605
198
439
335
146
244
264
437
579
409
462
751
597
452
217
610
320
758
346
764
518
465
500
547
605
671
759
119
317
110
583
789
160
112
759
592
632
627
603
574
220
632
249
723
579
111
313
290
674
114
324
381
206
176
137
423
413
131
119
407
139
689
111
507
486
690
664
167
535
132
244
174
244
582
327
698
728
148
156
205
496
539
774
160
285
290
138
781
352
775
307
490
751
473
799
428
379
639
526
