2
100
269
299
451
277
435
306
489
159
268
440
662
189
109
597
628
558
480
127
276
765
478
563
659
326
539
113
188
370
481
239
125
488
524
504
427
672
378
593
681
632
615
412
507
673
706
367
138
666
741
404
478
572
521
638
524
464
226
750
579
707
557
259
724
219
248
375
180
510
768
416
335
790
678
712
243
255
682
774
715
552
438
444
161
708
452
523
432
649
648
762
215
677
504
139
518
441
777
109
521
162
