2
100
306
402
554
485
713
623
644
229
209
513
405
722
279
743
673
727
114
454
563
664
259
333
156
157
125
264
552
683
587
645
596
671
443
390
786
595
767
707
351
533
317
634
110
705
231
477
596
780
495
500
360
763
784
497
761
660
775
247
406
309
650
134
291
794
351
543
702
426
431
737
392
715
266
705
139
591
652
384
178
627
263
458
598
420
709
532
527
351
533
280
288
723
623
769
226
372
664
356
411
352
