2
100
789
296
164
798
767
105
282
575
515
301
156
454
452
544
140
639
357
315
437
393
739
411
800
322
173
418
416
635
528
560
759
280
444
220
216
460
216
145
100
613
523
611
321
172
651
477
145
510
386
607
524
739
678
469
299
705
284
508
280
645
289
493
502
323
393
142
454
444
278
621
183
734
458
617
173
305
485
283
705
293
149
469
677
365
147
713
116
306
114
217
761
380
353
398
504
466
218
607
636
770
