2
100
318
315
617
537
181
190
666
136
218
249
159
728
707
573
290
698
576
397
602
590
696
127
616
307
345
745
235
705
157
575
330
447
330
636
685
745
425
364
234
466
730
514
262
523
305
626
789
731
797
181
616
346
629
620
366
176
576
542
780
665
399
183
499
153
567
458
322
318
644
787
632
580
663
593
400
390
563
277
569
291
508
265
605
355
680
233
126
191
544
602
713
532
393
713
180
799
261
679
339
330
