2
100
275
724
300
505
769
101
459
428
683
787
102
782
545
710
577
197
650
609
417
141
499
796
128
368
519
209
137
160
454
538
327
442
733
715
439
457
508
695
652
239
781
502
236
441
682
152
589
247
251
454
729
362
570
479
687
569
584
110
151
266
390
671
105
578
512
114
426
339
633
304
466
661
621
462
509
560
313
587
599
475
192
157
243
349
119
503
396
693
358
355
709
318
663
669
462
553
247
520
370
524
