2
100
634
310
254
304
285
608
376
566
596
771
283
534
400
309
789
440
795
355
635
418
376
437
584
161
460
328
660
157
672
669
388
303
316
262
595
789
618
557
488
357
139
483
513
344
171
587
481
484
502
321
673
498
259
422
323
457
326
560
469
616
334
658
685
723
732
291
182
206
122
365
495
639
487
759
630
670
673
249
796
235
560
111
713
748
506
191
187
555
264
754
570
376
170
304
783
512
415
593
526
331
