2
100
447
769
754
362
528
211
754
650
366
160
582
214
510
599
335
726
537
209
507
574
775
325
641
298
695
655
257
506
276
778
663
649
150
419
623
793
518
597
625
749
238
750
303
784
300
229
241
412
463
678
458
146
273
175
458
646
256
162
161
615
485
641
310
499
721
443
245
740
733
485
766
212
785
187
154
439
210
373
182
169
348
745
392
648
663
325
249
545
635
192
775
170
431
766
747
257
342
688
780
225
