2
100
580
599
581
120
725
503
729
275
746
563
355
750
739
707
423
623
361
788
715
417
541
335
588
531
476
576
603
552
397
335
126
141
312
510
719
798
323
313
578
790
417
703
376
768
433
275
164
452
207
446
650
391
589
287
449
398
428
662
522
263
751
114
375
639
694
751
740
599
628
281
127
277
545
346
660
177
729
314
773
660
495
357
698
198
609
496
415
123
279
525
583
427
623
111
144
650
608
469
405
244
