2
100
206
424
793
428
479
610
191
432
437
301
499
144
278
521
787
112
151
339
392
795
477
116
371
297
333
736
224
681
228
192
407
450
139
172
105
517
531
198
793
529
749
357
157
288
384
692
211
632
116
780
164
295
633
181
683
649
319
459
619
106
123
381
212
614
206
393
275
308
249
263
142
353
654
410
702
753
402
599
600
533
708
217
322
208
423
118
148
213
739
452
377
215
249
757
336
697
693
233
362
525
