2
100
200
112
783
663
735
635
721
716
450
642
618
740
704
478
189
761
412
117
253
289
737
491
166
429
156
782
321
568
208
798
631
132
203
726
586
528
519
350
175
247
468
551
300
661
539
782
550
770
616
211
654
551
467
454
717
260
412
765
220
626
770
410
701
400
769
523
209
404
442
522
537
735
595
307
619
248
148
540
619
427
652
287
580
310
479
446
654
708
395
342
109
186
197
101
710
327
432
402
464
665
