2
100
426
317
676
518
120
378
437
175
295
488
481
497
240
195
105
661
718
233
652
705
603
696
491
493
703
779
670
246
748
110
249
555
758
249
203
465
487
752
499
642
439
327
154
400
258
258
267
520
100
299
216
632
772
351
344
273
546
207
612
130
559
180
129
649
575
498
355
112
528
175
784
615
139
270
393
184
109
296
680
504
687
430
460
794
406
381
650
269
613
539
124
782
346
499
138
528
513
560
542
533
