2
100
183
457
625
258
727
475
702
513
785
115
414
750
732
572
427
238
359
590
349
725
416
240
706
501
125
673
197
534
479
533
128
279
702
265
611
668
494
283
447
267
352
721
680
714
656
653
625
427
240
296
376
397
735
583
685
339
579
106
212
637
422
648
662
248
279
270
183
395
384
597
251
720
800
257
121
525
512
412
559
183
198
648
745
622
268
655
253
186
481
673
508
775
438
715
111
145
251
668
150
512
