2
100
767
585
211
194
635
200
378
725
325
265
152
272
349
161
730
715
373
412
586
196
757
155
252
490
773
389
272
535
500
402
731
645
786
665
257
599
595
305
110
695
120
359
725
192
581
193
548
119
685
402
641
661
272
280
360
117
635
374
210
342
104
304
677
453
324
262
524
517
788
587
185
510
557
108
407
156
154
277
386
336
133
358
271
475
513
505
341
300
403
111
364
380
593
531
523
735
716
275
420
320
