2
100
718
184
422
603
659
755
507
738
664
394
709
154
426
234
471
387
645
506
553
428
534
279
282
766
421
195
582
597
309
460
179
111
723
417
381
153
225
401
233
658
106
256
247
658
155
135
706
576
200
776
139
484
423
445
288
634
456
469
726
776
747
423
663
339
600
510
235
195
595
611
547
392
279
202
409
168
235
560
241
235
118
128
550
341
383
573
586
503
664
400
670
324
451
659
504
573
632
310
443
749
