2
100
691
764
518
244
378
593
330
286
590
516
464
351
574
204
547
723
570
561
723
141
551
485
128
364
537
130
450
402
394
123
552
728
496
261
384
664
466
490
157
144
198
646
402
248
348
385
795
413
197
679
565
721
599
589
475
152
792
512
772
636
296
710
720
746
279
700
404
795
195
236
613
393
207
453
785
387
273
289
647
765
120
787
617
145
781
465
278
343
713
669
542
597
491
593
372
384
675
175
690
308
