2
100
757
150
282
349
643
338
354
500
664
429
492
436
686
346
265
613
437
423
122
258
527
447
740
710
139
288
455
522
499
694
571
560
110
762
332
150
681
492
487
427
610
708
708
133
555
354
704
716
774
272
796
379
747
146
572
224
360
530
520
761
583
140
328
691
101
335
168
771
540
661
747
147
652
173
737
568
489
339
684
268
140
407
784
629
753
660
236
418
119
231
277
697
351
713
383
106
314
119
249
131
