2
100
208
447
104
321
490
284
128
423
539
645
496
742
391
243
212
635
262
750
609
171
342
413
682
139
761
463
286
132
331
480
728
310
366
243
607
537
270
359
255
387
307
252
737
740
344
545
227
628
162
705
374
588
660
363
219
557
308
122
108
771
201
419
168
716
168
581
362
370
672
145
721
213
667
361
343
711
551
258
784
576
375
599
497
107
341
299
676
497
764
732
753
518
117
393
379
386
250
256
179
194
