2
100
484
697
503
761
741
601
348
626
322
298
501
510
516
350
717
315
612
307
294
618
671
200
576
759
268
123
631
599
212
675
107
359
232
781
165
632
349
599
378
464
317
387
716
517
638
255
193
108
257
786
610
719
732
332
643
575
765
195
637
619
734
169
553
134
372
566
198
267
145
213
334
702
686
227
453
731
316
264
235
483
437
539
475
243
595
529
690
628
728
641
396
155
779
566
568
677
487
600
361
386
