2
100
758
151
785
645
468
646
605
259
379
627
291
386
515
245
136
719
793
664
203
233
472
122
206
358
569
698
265
603
144
518
435
673
478
168
409
653
305
157
101
671
338
671
400
733
254
793
597
732
767
704
192
636
264
557
173
148
730
221
272
646
531
612
592
285
690
282
615
491
122
601
478
720
159
600
331
390
133
395
565
299
150
591
116
705
529
447
549
287
721
429
504
186
499
736
135
514
629
692
110
533
