2
100
546
185
566
434
381
438
707
290
148
504
480
533
215
198
484
631
464
796
444
580
608
572
665
731
682
340
163
407
315
736
570
185
265
399
407
161
644
621
751
482
701
363
553
659
198
564
549
452
248
203
339
232
131
257
541
116
591
118
217
680
295
496
787
340
184
188
297
620
288
732
485
380
211
723
702
735
509
119
419
334
724
511
513
627
405
669
510
794
299
670
225
563
220
595
162
392
589
100
695
430
