2
100
303
180
155
314
768
781
252
109
599
306
589
437
686
512
145
721
348
158
584
746
628
536
176
664
758
665
510
485
405
364
765
436
685
707
571
795
454
436
237
503
482
270
456
152
786
372
784
246
253
799
392
332
633
724
403
416
200
637
791
447
202
518
259
680
272
285
500
105
324
417
121
670
518
650
653
454
703
257
124
338
734
591
119
335
264
108
411
303
113
773
757
131
309
620
786
100
403
515
754
719
