2
100
155
351
636
278
339
340
621
642
573
754
416
414
444
241
622
472
525
111
150
441
230
235
137
283
766
714
319
661
543
231
487
666
573
178
718
640
229
546
376
253
196
203
800
266
682
146
447
269
511
618
733
791
593
509
126
684
564
430
341
284
503
361
779
554
725
275
164
283
349
236
452
483
239
673
400
543
521
725
532
165
375
268
559
784
103
717
490
137
572
388
510
344
730
561
333
727
196
490
134
631
