2
100
401
663
230
770
512
665
796
348
232
706
443
163
483
338
564
117
552
519
436
141
336
377
607
560
654
472
150
526
244
608
391
129
630
639
414
586
658
739
442
396
320
449
491
782
545
707
599
797
363
437
530
314
551
329
358
385
446
489
516
277
543
353
631
283
356
198
621
508
664
706
586
530
325
614
152
635
276
141
106
430
688
387
702
428
419
799
134
307
124
325
200
150
654
139
222
452
213
239
261
206
