2
100
172
605
187
509
715
741
263
400
160
319
255
217
106
369
619
562
536
458
596
780
313
714
544
364
648
524
243
546
338
212
172
456
291
780
166
457
510
334
346
758
763
488
122
196
728
329
172
103
305
370
401
639
115
373
165
798
761
148
781
701
170
526
502
558
219
303
174
494
214
373
670
572
370
317
483
269
542
783
518
245
550
429
640
772
670
753
605
348
195
582
467
786
388
557
453
569
590
773
321
291
