2
100
462
442
308
197
442
630
235
520
745
291
420
529
598
556
319
327
794
676
121
616
320
396
629
255
188
410
513
304
416
175
741
527
704
116
782
283
569
498
589
285
366
470
651
336
382
798
122
739
798
452
729
385
435
389
348
613
570
496
761
146
530
215
184
703
454
743
677
178
742
400
312
717
267
687
243
132
370
598
723
333
627
227
113
499
388
339
366
247
499
718
775
164
290
788
306
421
346
417
102
255
