2
100
319
208
372
692
583
410
458
636
315
592
550
720
564
627
375
228
361
139
404
417
538
353
509
143
718
516
187
777
683
800
374
787
519
468
514
304
228
432
723
255
224
368
610
274
600
221
390
288
566
474
760
178
171
495
150
317
798
567
561
177
218
582
261
617
449
313
672
746
360
568
118
553
372
306
361
226
318
242
702
332
291
318
660
781
260
149
729
657
558
352
507
336
453
539
500
268
392
292
605
638
