2
100
244
800
116
227
590
177
222
473
442
422
254
348
372
744
530
177
496
311
783
624
619
629
748
249
553
379
218
246
607
252
671
256
156
239
770
648
586
611
452
785
703
261
277
254
731
134
258
286
181
520
268
433
789
630
617
332
534
443
707
243
430
634
664
359
298
565
341
288
300
665
599
120
563
774
559
260
266
769
632
739
413
662
128
697
469
172
632
151
783
578
458
526
274
433
482
465
604
573
341
218
