2
100
216
681
209
566
355
468
418
706
611
647
711
311
513
756
420
557
435
586
211
710
169
283
393
417
464
621
791
770
543
646
104
636
697
405
339
170
151
341
207
305
707
170
609
306
759
726
489
411
688
381
563
440
729
756
224
680
411
679
223
149
275
145
623
630
267
234
326
381
407
412
282
624
225
200
566
300
485
328
433
113
172
557
650
436
665
473
395
796
272
466
645
237
154
777
722
658
612
718
629
519
