2
100
683
563
574
493
663
325
248
556
585
398
689
226
167
441
163
372
702
302
570
765
464
466
493
617
112
582
336
692
551
255
622
689
272
728
474
307
576
420
469
478
458
458
774
580
782
573
140
720
218
772
693
696
464
385
278
537
430
796
396
508
414
631
308
599
138
238
411
185
472
738
194
665
416
438
574
565
576
540
788
636
505
511
383
702
415
627
671
206
274
503
751
317
474
590
718
614
566
342
144
149
