2
100
766
666
430
253
418
273
491
796
289
538
232
132
465
724
514
458
360
706
345
407
257
552
268
322
227
267
314
684
623
418
227
724
641
129
575
711
567
160
523
212
696
552
696
730
416
549
600
107
287
100
433
422
772
131
262
643
459
193
779
666
756
485
726
624
253
555
108
376
468
269
768
568
560
264
138
364
628
470
576
263
268
205
666
181
129
555
698
514
115
616
626
572
591
221
294
691
237
740
541
321
