2
100
533
637
777
705
360
234
717
663
630
565
680
179
534
771
486
369
616
139
213
161
287
653
262
329
423
610
176
703
523
325
457
355
259
304
332
768
490
289
619
756
254
584
450
691
236
752
480
578
111
588
665
423
259
571
312
765
158
383
419
584
453
412
570
296
295
620
218
708
461
295
144
752
346
775
580
298
727
644
214
345
408
206
277
574
739
537
391
588
503
602
200
623
788
159
477
332
224
730
197
549
