2
100
369
220
197
581
364
272
102
157
440
304
103
736
630
435
587
331
283
734
691
696
134
616
112
508
345
517
386
631
119
242
741
449
297
290
426
678
523
549
522
754
784
571
311
591
332
723
141
419
272
707
249
793
733
358
470
679
304
624
111
620
560
502
114
463
244
477
479
779
144
507
670
241
430
304
194
193
269
480
763
277
423
370
211
553
413
232
610
276
759
119
443
365
503
330
261
434
495
628
114
205
