2
100
321
450
122
541
761
529
770
319
637
638
708
588
460
165
410
494
372
301
558
665
295
101
520
760
243
445
510
708
114
450
412
726
363
377
189
794
736
501
461
323
594
160
456
791
102
478
349
148
197
263
256
711
630
483
123
415
282
509
473
357
459
145
540
603
656
424
773
375
101
377
616
511
174
290
661
503
695
218
779
605
592
795
526
621
147
691
419
265
612
578
596
400
494
242
337
243
435
787
581
356
