2
100
761
340
324
312
314
365
173
472
186
573
251
410
734
114
350
613
196
287
125
589
443
607
368
631
282
661
261
256
162
729
413
313
732
479
458
366
186
647
336
462
182
679
350
261
733
759
695
451
170
504
460
129
193
641
310
668
579
652
443
647
381
800
114
768
692
124
144
536
586
219
699
725
239
779
643
409
719
218
568
478
450
677
401
321
263
590
684
286
203
735
523
119
730
659
624
373
576
174
194
493
