2
100
668
228
787
296
797
764
794
514
301
547
423
665
109
518
400
540
541
634
194
200
401
497
347
693
450
148
776
730
741
344
657
554
240
204
578
373
120
632
666
369
223
217
295
189
607
410
768
703
458
363
462
334
690
361
670
684
402
517
395
403
532
345
439
462
662
611
649
483
219
453
153
151
540
282
563
103
112
655
253
185
491
622
715
689
494
451
488
262
366
326
464
301
522
621
268
400
464
246
410
298
