2
100
405
428
205
238
421
388
478
542
528
689
680
291
386
473
632
598
556
372
581
589
546
684
379
574
526
416
242
476
419
716
277
543
573
763
187
137
497
145
549
192
582
710
772
252
493
180
725
580
535
661
439
242
396
505
696
276
163
371
269
719
117
336
366
623
697
703
126
337
542
168
701
476
313
473
411
346
378
727
575
762
788
302
311
733
709
516
623
621
146
166
248
580
437
369
794
563
712
446
132
511
