2
100
232
709
776
588
195
694
667
153
459
395
264
536
562
714
405
495
419
720
428
481
469
720
154
201
586
609
641
553
574
494
211
132
133
793
461
325
404
403
534
765
783
657
683
566
112
339
392
441
153
691
187
783
124
777
114
623
516
739
492
273
789
318
742
636
735
350
497
584
627
245
176
126
127
530
343
246
186
673
531
107
206
585
353
740
285
191
779
506
133
579
689
532
267
422
605
520
571
280
294
334
