2
100
357
175
753
630
151
582
341
313
326
462
363
735
573
259
233
720
612
332
317
436
334
529
414
356
115
636
510
391
615
300
307
605
635
529
327
698
770
462
395
368
216
622
388
548
774
735
471
614
505
529
798
675
179
714
691
528
795
621
798
202
561
229
520
663
476
269
516
499
263
389
485
487
791
305
617
625
360
430
424
139
277
562
547
481
794
168
535
775
724
227
294
462
734
352
327
712
514
294
729
404
