2
100
740
629
535
299
240
577
620
439
220
314
453
481
244
665
405
583
233
686
553
387
257
386
206
428
500
132
417
224
705
215
354
734
489
601
162
693
536
154
489
127
466
238
790
537
373
787
611
355
448
750
339
390
763
123
735
329
547
744
534
329
423
258
532
677
627
282
134
223
798
713
389
597
647
534
188
785
101
188
350
301
317
623
175
416
675
415
473
671
145
774
466
463
231
205
474
104
387
570
563
663
