2
100
483
581
156
734
173
393
742
482
789
542
792
417
201
623
162
140
702
290
635
476
207
404
371
509
463
155
442
391
700
664
335
133
585
350
631
662
533
285
259
152
103
614
229
350
763
653
533
446
430
567
727
242
792
410
683
686
797
759
122
384
120
703
419
687
711
220
278
445
800
630
692
755
302
310
267
759
777
398
533
639
675
166
220
575
550
268
213
580
756
560
282
512
712
203
188
261
445
738
258
107
