2
100
564
798
760
587
345
509
433
421
250
639
678
756
422
278
769
130
726
751
277
403
190
288
350
100
124
781
264
560
412
696
458
337
177
781
133
296
728
134
637
464
267
157
613
573
697
272
438
770
573
123
518
397
155
553
476
462
321
545
600
666
261
653
677
116
240
293
395
317
346
124
626
625
103
393
676
184
366
153
620
745
485
174
302
540
550
404
618
253
306
424
768
751
348
771
587
293
686
231
253
323
