2
100
114
704
291
565
316
704
747
108
534
178
714
308
505
132
722
150
159
296
223
438
287
621
110
472
577
153
484
514
639
284
716
220
492
473
371
759
536
445
323
786
289
462
521
314
105
377
756
548
271
253
180
390
269
462
522
131
319
561
356
412
298
435
767
654
233
228
669
474
264
436
721
571
791
781
398
285
685
659
150
234
588
469
233
225
777
303
409
136
600
227
528
287
205
723
584
563
322
517
243
434
