2
100
351
732
616
292
262
508
133
480
153
346
154
582
227
561
482
354
209
790
147
481
543
621
430
483
258
387
372
307
609
744
152
686
492
316
443
170
443
519
538
748
499
761
159
321
342
112
735
775
317
560
555
105
523
622
602
137
782
355
753
408
777
223
361
626
376
145
409
509
118
122
242
494
484
332
768
527
636
706
138
416
135
673
106
376
139
489
653
332
561
630
391
111
215
667
650
499
638
417
623
279
