2
100
528
598
351
114
732
513
606
220
779
155
402
634
309
122
793
163
493
632
468
504
138
568
715
471
392
211
739
213
506
632
172
696
773
464
360
565
750
553
202
181
449
384
593
231
305
274
623
514
615
250
258
300
457
493
394
271
283
567
286
427
488
212
757
275
143
321
570
587
127
588
691
438
106
128
313
718
607
382
762
114
357
483
478
378
103
511
670
553
303
712
643
492
393
196
303
342
328
717
741
202
