2
100
698
324
123
791
469
556
267
122
569
546
295
216
625
236
426
289
584
700
287
626
687
736
724
665
205
646
169
765
561
584
313
636
218
476
720
751
251
119
636
433
284
159
275
315
211
432
167
778
687
596
689
557
292
219
368
434
581
465
670
794
794
331
438
761
448
778
340
309
713
624
460
454
342
321
183
104
197
305
353
106
239
215
694
448
193
392
223
451
391
758
626
525
692
554
713
612
271
376
145
188
