2
100
723
739
731
241
226
479
629
569
759
114
306
356
213
574
523
695
609
230
605
674
170
422
776
191
301
657
463
135
127
278
274
651
310
319
655
270
742
626
715
131
509
649
738
654
140
428
656
510
519
331
107
652
577
280
766
129
761
554
444
472
376
656
675
451
703
464
464
114
587
156
724
101
611
308
471
423
431
766
213
126
501
392
602
631
456
496
558
137
488
725
481
115
781
740
730
764
432
668
270
145
