2
100
134
176
650
538
222
281
104
244
777
476
418
283
695
791
143
665
343
341
583
159
304
398
759
159
292
643
277
319
342
485
254
660
782
560
220
359
270
210
799
211
317
725
264
366
175
366
370
332
304
772
451
571
417
222
107
753
494
393
656
295
579
679
461
473
740
386
240
404
518
415
141
210
640
201
502
154
714
441
672
649
593
392
124
343
521
245
434
688
746
170
429
163
616
246
623
597
644
551
119
347
