2
100
676
774
417
582
485
236
636
779
309
399
717
410
573
207
361
233
800
615
261
151
275
475
392
796
296
319
605
391
284
707
671
190
375
742
515
284
692
278
623
486
783
188
517
699
639
718
212
742
489
699
448
371
765
458
290
159
139
688
509
458
755
790
139
533
302
203
207
679
396
603
633
299
416
572
113
372
623
247
377
486
549
549
110
245
367
474
265
163
336
171
439
620
410
691
326
296
740
405
653
387
