2
100
649
268
718
355
365
729
685
781
383
461
204
649
777
163
724
384
662
604
684
334
794
442
649
778
726
530
207
713
360
682
658
316
261
126
159
779
746
228
262
119
454
387
712
368
690
410
731
228
137
259
471
510
256
682
545
647
345
496
330
274
485
379
648
298
458
504
319
624
237
469
593
173
656
794
652
565
748
395
293
179
165
533
681
293
373
534
375
190
414
693
641
148
548
440
424
398
475
197
606
262
