2
100
333
788
267
304
351
394
542
272
340
222
448
454
270
578
516
525
109
378
534
290
136
405
300
218
736
427
558
758
261
695
592
415
784
119
216
322
704
218
523
568
144
138
615
212
220
254
110
271
379
343
422
578
117
734
610
315
175
125
415
132
400
593
661
228
593
154
333
710
120
223
138
733
515
631
628
609
531
422
505
593
498
233
708
546
530
639
259
467
323
673
698
506
517
730
183
452
743
738
378
790
