2
100
456
156
328
198
613
649
331
120
522
664
535
343
333
670
274
624
464
330
606
468
696
525
330
537
133
652
604
737
156
295
611
576
529
379
425
404
597
289
537
724
650
769
155
272
670
696
593
584
642
329
414
229
352
533
571
423
751
776
606
309
596
100
628
126
269
378
673
338
173
626
227
248
691
610
742
283
232
417
598
257
454
201
777
604
444
110
176
290
198
384
226
502
754
225
562
102
311
348
478
371
