2
100
551
379
755
356
549
134
321
439
634
463
564
396
273
379
286
190
681
661
699
259
234
799
572
658
562
319
669
366
218
284
648
276
418
765
343
755
459
586
521
776
312
754
305
733
590
354
385
526
585
322
796
622
691
396
269
489
796
436
669
712
242
525
388
371
780
540
538
211
572
605
794
370
295
309
329
394
305
208
321
123
776
698
327
752
618
360
444
464
774
791
131
745
683
392
722
265
520
251
397
146
