2
100
327
106
563
114
578
386
300
750
706
381
751
366
533
144
402
564
556
506
305
161
510
376
276
284
213
516
171
525
588
488
651
175
642
678
601
346
247
292
342
642
274
435
107
232
115
354
100
480
270
164
718
758
219
246
162
730
662
120
617
716
334
293
602
123
703
786
101
263
331
526
276
333
623
426
531
578
535
329
681
726
574
334
473
702
663
193
696
109
281
284
257
697
184
662
439
586
794
278
225
589
