2
100
717
158
247
143
445
223
376
358
269
222
738
469
725
166
645
305
616
364
614
287
480
121
670
207
630
115
226
294
775
743
240
348
507
641
639
451
673
288
730
454
716
179
474
337
388
571
548
746
249
706
467
199
229
309
392
183
474
569
312
602
257
376
795
320
579
452
417
674
629
648
373
754
728
215
149
565
549
357
381
169
306
650
285
389
724
541
160
198
375
324
566
580
205
189
284
162
518
140
742
135
