2
100
127
108
241
626
402
340
755
532
725
125
721
747
616
416
122
490
711
234
541
491
618
267
659
368
468
340
340
398
530
568
686
647
302
576
764
279
579
300
112
550
793
257
721
260
733
598
784
494
339
326
530
433
364
201
529
337
420
207
170
509
691
705
516
429
332
253
333
166
229
609
698
564
349
697
671
800
747
565
160
324
666
601
145
270
604
233
280
137
352
307
179
257
716
727
167
224
501
387
109
308
