2
100
552
706
544
432
240
254
627
678
298
668
599
797
710
113
404
130
336
119
399
275
389
776
363
362
367
302
776
220
475
402
774
213
719
584
475
549
164
357
691
767
592
211
700
798
500
660
406
799
510
765
567
468
524
335
397
626
571
200
252
781
425
561
278
359
796
206
645
122
494
120
548
249
778
250
191
698
767
654
141
341
736
728
153
478
681
703
280
120
460
516
751
552
117
264
622
265
366
121
113
575
