2
100
102
268
378
637
682
136
337
151
641
731
118
485
781
565
729
588
444
430
539
316
457
169
764
794
645
525
618
745
324
263
345
709
372
475
221
424
567
643
437
591
604
497
449
603
592
633
615
664
316
513
490
569
784
138
113
770
335
498
764
105
745
693
282
718
181
132
482
535
355
211
728
634
529
553
788
174
117
336
368
612
748
496
212
281
105
492
584
361
654
159
622
506
320
332
667
260
167
140
569
642
