2
100
114
412
285
771
184
696
236
795
661
591
248
439
762
567
362
154
224
230
397
347
321
176
711
516
159
514
328
657
136
257
142
754
695
406
701
441
529
192
151
234
584
501
783
144
519
472
318
565
250
572
204
528
273
241
759
346
746
622
706
219
761
449
376
421
590
533
189
262
596
700
709
724
329
418
769
270
593
300
681
632
784
270
716
171
613
716
453
714
596
310
415
562
619
313
371
281
782
640
613
257
