2
100
300
188
132
377
597
538
445
433
422
551
710
308
368
775
725
474
112
297
476
142
310
163
366
778
467
683
217
680
476
293
552
245
234
217
551
409
141
182
377
546
359
617
184
765
258
129
696
164
134
150
458
172
299
662
273
353
352
291
800
699
714
789
336
583
152
470
473
704
471
446
724
290
175
519
327
791
216
152
232
630
106
326
348
651
516
654
474
622
433
185
706
123
112
477
617
306
689
443
709
234
