2
100
388
291
125
195
348
162
736
673
575
286
229
672
411
752
484
730
739
535
414
476
266
223
399
739
403
717
590
234
493
695
788
125
239
568
500
361
193
306
568
382
319
228
776
715
141
583
421
521
459
593
483
245
337
478
338
218
577
158
275
146
353
223
669
169
337
281
640
702
385
282
378
337
205
619
152
238
202
297
187
299
393
184
722
376
197
138
133
303
510
497
246
776
337
258
610
212
616
327
656
190
