2
100
542
704
293
205
712
523
730
796
420
634
760
484
790
690
775
767
532
573
469
333
465
148
287
510
506
588
265
368
334
264
423
409
241
628
654
126
741
355
773
641
262
171
750
510
725
147
413
119
668
676
730
639
478
117
359
358
777
328
783
300
289
451
409
206
184
697
756
298
194
686
198
409
508
777
509
704
331
764
249
453
138
146
262
506
584
683
218
316
192
711
248
761
232
146
648
119
655
757
358
741
