2
100
549
743
692
262
279
503
538
720
495
162
108
235
445
100
412
549
201
314
798
687
281
171
405
294
738
434
499
352
427
551
668
558
650
339
108
388
569
427
483
334
504
778
539
515
494
792
723
159
442
275
258
771
435
593
696
361
529
388
548
462
725
584
594
711
402
453
252
611
745
170
445
771
324
734
322
108
674
564
467
246
128
677
674
262
441
232
709
735
274
657
531
246
771
145
707
475
793
229
180
252
