2
100
398
331
323
581
290
370
537
525
274
440
428
718
271
302
761
136
238
300
548
209
490
407
610
446
791
154
300
551
317
124
715
610
607
127
366
752
270
348
143
280
386
571
737
489
267
277
246
648
402
319
361
459
673
567
112
598
148
533
304
623
551
173
417
559
797
155
590
560
114
211
270
748
638
459
551
517
373
799
367
126
339
493
584
357
686
709
542
248
489
241
395
611
512
517
110
710
552
262
752
728
