3
100
725
259
613
188
739
514
541
606
449
760
442
561
381
344
218
216
442
467
517
299
236
427
682
543
263
347
389
391
481
573
746
591
449
546
673
746
345
650
461
559
758
738
595
537
554
228
765
785
520
478
440
657
182
333
329
701
393
250
505
564
503
296
113
580
603
419
749
734
439
201
212
490
604
177
440
210
409
539
206
638
120
700
608
455
582
453
212
323
202
588
193
794
525
193
533
390
771
426
599
172
