3
100
607
566
708
529
108
696
388
753
419
503
329
220
120
256
466
394
122
251
657
165
649
732
217
761
509
587
418
333
740
428
170
621
719
236
277
483
764
684
163
111
692
435
382
516
667
617
394
387
114
370
720
127
315
272
372
469
172
335
760
553
551
277
668
396
399
677
510
722
739
790
462
173
429
749
163
403
515
442
699
125
341
657
450
561
143
203
229
541
317
213
183
199
157
217
369
629
282
685
115
217
