3
100
351
285
140
508
790
652
475
285
693
614
350
153
685
618
571
363
412
545
141
274
785
683
339
122
793
777
573
149
102
652
711
619
418
311
788
598
728
210
179
424
418
306
464
134
471
676
748
180
624
222
168
212
217
442
579
143
612
277
300
680
776
235
649
538
759
391
747
126
427
659
194
507
489
539
531
433
177
447
562
558
727
403
261
123
605
314
659
118
742
417
384
314
112
505
104
681
607
722
127
163
