3
100
681
443
430
151
326
344
190
558
220
289
246
186
714
145
346
369
305
436
354
673
680
522
138
667
732
443
322
451
551
145
412
671
695
276
606
604
228
361
271
617
539
653
799
606
234
650
232
707
705
599
676
776
668
368
471
760
684
593
552
523
149
504
475
565
765
118
225
800
373
523
795
224
283
113
734
249
156
123
587
511
778
521
496
459
692
282
775
413
730
639
570
706
292
104
187
286
122
168
799
412
