3
100
519
676
496
465
651
473
699
551
591
237
730
563
416
655
674
115
275
797
562
386
533
491
250
274
682
776
175
439
541
314
184
508
218
402
639
667
254
335
194
616
540
659
756
107
107
294
707
361
601
131
215
742
112
511
412
527
505
262
646
140
202
135
110
463
454
797
356
218
582
298
263
536
396
134
296
584
684
258
641
380
380
583
199
283
210
554
678
646
203
300
335
258
188
555
517
553
460
653
459
192
