3
100
400
117
364
332
185
610
213
475
154
378
655
795
749
420
131
221
662
669
297
674
139
609
635
763
241
780
272
178
184
247
653
758
461
554
697
710
531
740
526
235
187
242
472
308
402
569
255
240
137
148
438
310
344
548
556
384
424
279
219
793
476
668
398
597
210
701
675
223
140
451
169
775
155
478
751
716
354
699
614
432
670
135
631
671
656
342
387
448
159
600
682
735
159
292
608
621
282
753
408
647
