3
100
800
202
285
566
720
724
143
394
394
192
134
508
673
479
288
683
517
713
460
519
122
530
388
676
706
695
619
781
276
403
113
318
775
349
327
390
691
380
367
749
459
116
715
513
320
449
138
448
469
316
469
531
668
651
355
486
739
100
392
495
534
731
728
680
775
597
243
771
569
490
104
634
707
365
495
291
121
134
319
799
238
645
582
410
387
623
241
714
397
103
645
343
562
522
327
763
383
792
491
328
