3
100
177
379
621
463
418
662
431
634
574
460
415
612
317
273
524
420
673
746
267
691
134
313
175
404
758
734
625
397
423
177
146
750
685
505
201
448
782
716
337
715
234
368
517
127
209
384
128
397
161
514
657
437
252
492
142
389
442
659
412
244
455
656
483
723
626
403
640
135
112
544
392
523
188
273
104
663
715
231
698
458
276
678
733
597
704
545
663
287
561
154
263
774
718
621
437
614
286
621
294
248
