3
100
204
302
490
188
790
552
196
578
571
637
433
671
160
337
501
331
362
258
731
535
742
526
789
758
463
362
249
737
712
634
761
305
281
274
663
102
447
583
303
363
199
598
508
573
772
347
540
712
523
768
430
558
510
307
680
576
429
798
740
181
333
200
467
372
422
232
353
239
311
163
532
657
575
594
653
441
262
394
641
382
188
135
227
463
104
789
748
740
235
491
129
302
201
602
640
615
209
723
721
620
