3
100
218
298
386
150
550
227
101
567
789
133
798
211
334
631
673
153
575
578
401
345
652
671
731
505
399
222
269
482
665
408
435
790
302
690
788
519
334
312
131
319
601
681
600
668
770
205
704
297
134
528
465
411
378
315
419
669
116
440
799
246
116
223
182
472
284
159
629
638
337
616
382
286
646
706
747
269
446
135
545
485
435
529
550
590
642
627
383
182
560
759
501
566
174
491
144
384
449
654
371
532
