3
100
771
795
491
301
456
489
426
119
203
309
455
336
215
563
401
651
385
389
789
762
612
311
796
200
592
755
586
444
490
749
314
200
375
302
702
670
544
145
297
478
609
260
602
591
165
675
174
298
339
338
113
377
596
366
608
123
638
471
473
166
372
454
348
554
749
478
480
413
583
124
779
585
541
405
343
137
313
371
672
751
153
179
635
779
497
142
735
682
352
656
534
243
769
190
460
148
776
471
284
252
