3
100
326
267
307
202
250
158
409
740
484
396
560
675
397
284
789
486
341
388
141
107
214
535
584
508
302
782
585
553
197
471
766
345
693
246
634
530
243
757
388
383
714
128
794
273
694
713
443
796
189
609
180
686
592
764
709
501
618
343
370
186
127
686
799
308
619
320
150
664
290
666
511
470
487
706
771
121
417
239
181
330
440
498
689
732
642
751
332
775
269
673
126
781
151
798
620
382
390
336
716
627
