3
100
566
533
231
541
478
125
140
731
335
146
766
457
722
467
445
376
761
431
482
652
359
540
120
612
522
793
107
689
350
612
118
327
500
343
560
272
530
127
353
129
621
349
488
300
659
160
751
593
211
381
130
411
766
267
196
510
446
766
258
738
107
231
388
740
500
131
431
152
312
416
583
357
692
666
744
121
132
717
750
507
745
757
776
154
694
204
518
549
124
250
645
250
245
284
229
510
500
795
654
553
