3
100
308
190
402
500
585
551
128
471
596
221
780
404
209
519
546
699
720
579
669
298
792
424
422
550
279
715
667
139
714
574
579
707
373
484
157
727
727
459
800
773
448
496
460
551
109
497
177
314
749
366
280
345
512
286
267
618
569
464
260
634
708
356
535
135
701
164
527
686
445
413
107
437
284
294
344
261
795
394
222
261
658
689
561
660
300
118
379
760
109
536
462
177
230
331
786
256
525
128
219
751
