3
100
417
415
171
556
222
120
364
124
556
783
567
124
307
348
684
712
103
660
127
718
344
733
500
109
125
699
744
523
528
336
174
379
386
560
287
666
628
201
431
400
397
655
670
665
337
199
605
419
469
402
487
182
322
784
391
299
661
674
272
772
472
533
196
572
431
649
743
628
249
710
788
685
385
257
353
540
441
705
142
754
528
537
542
737
708
487
101
510
612
479
487
540
632
257
413
353
488
179
248
115
