3
100
209
575
735
292
587
657
514
353
291
665
508
491
386
419
598
234
589
291
415
560
458
426
267
410
759
139
147
377
111
296
311
263
202
252
631
316
681
582
128
543
521
375
176
191
271
311
180
215
265
308
432
308
415
143
239
315
182
257
432
416
115
619
439
793
770
482
446
757
399
405
222
167
522
248
229
312
466
150
795
774
483
275
774
659
140
734
572
715
394
286
456
714
221
112
430
511
446
761
290
586
