3
100
786
232
397
494
315
476
548
379
521
443
468
632
605
650
755
727
428
324
267
457
311
130
555
640
293
169
666
506
277
246
521
157
349
326
272
407
566
452
532
686
228
146
679
631
117
785
132
446
714
439
514
740
591
108
273
431
583
313
694
439
423
670
171
546
464
337
569
627
771
743
449
667
384
781
376
242
266
583
695
284
117
570
188
115
266
674
505
258
238
435
264
522
297
680
537
364
366
462
698
126
