3
100
158
672
262
502
432
756
271
567
139
704
595
674
257
601
314
649
305
716
776
523
581
365
570
194
387
467
485
663
614
663
240
543
214
117
286
448
540
590
289
552
765
584
582
425
469
171
293
446
314
388
557
584
782
712
188
767
389
205
637
707
383
245
620
623
511
416
728
718
554
185
498
141
652
755
576
330
393
778
139
114
181
662
110
105
679
743
226
254
320
331
500
391
709
436
748
236
282
363
295
282
