3
100
753
337
247
625
349
665
682
142
206
433
732
709
741
713
727
501
108
248
275
562
478
457
771
784
468
102
368
267
364
641
340
663
517
547
409
574
602
309
548
652
464
610
160
449
438
664
240
359
438
250
795
226
624
509
552
232
143
710
343
557
253
105
352
512
608
654
350
659
624
117
798
183
330
734
622
768
678
565
779
119
536
425
273
386
156
472
773
639
621
487
180
734
652
318
393
451
608
507
532
199
