3
100
108
138
586
737
485
594
239
294
129
579
199
140
194
356
428
254
428
198
143
750
191
144
678
301
347
619
103
361
434
428
637
445
202
541
123
589
634
329
487
490
233
296
260
214
597
775
595
382
253
797
232
434
581
646
466
560
699
381
467
314
238
631
491
201
179
771
354
637
372
770
193
380
729
415
693
752
486
109
688
210
453
445
545
325
527
551
119
699
183
118
382
391
545
198
324
194
323
675
337
201
