3
100
327
782
186
673
789
575
247
242
199
460
112
160
678
603
726
266
299
694
263
299
241
217
314
257
202
301
338
237
289
141
689
440
287
601
225
663
502
281
385
656
678
170
346
659
486
771
751
713
196
790
611
147
118
222
693
739
215
794
764
246
602
282
530
125
105
322
736
112
613
373
243
685
384
269
291
797
148
146
523
693
269
535
786
692
183
537
320
145
124
373
606
782
211
606
698
405
416
141
427
794
