3
100
518
264
341
372
680
611
486
764
699
645
288
413
553
647
354
173
176
343
150
109
466
751
163
733
285
608
728
210
621
668
326
155
532
471
380
383
265
197
390
148
347
590
280
260
149
247
790
461
133
104
561
494
769
376
392
635
219
483
666
303
619
549
355
351
505
274
401
622
743
786
269
486
113
356
281
253
182
109
613
658
543
788
483
417
530
400
299
274
414
453
494
201
672
441
527
290
722
222
163
410
