3
100
528
559
238
789
160
333
180
546
206
310
771
178
774
391
258
606
192
201
502
321
583
600
376
470
298
443
549
315
543
541
739
574
261
776
641
626
308
201
335
800
791
119
164
636
682
323
792
118
419
424
623
393
466
651
419
446
755
721
375
266
308
287
167
687
528
266
594
588
259
135
469
591
140
302
712
610
114
457
193
398
622
195
173
250
469
516
497
493
471
595
182
445
266
333
270
351
212
279
556
696
