3
100
174
441
279
555
138
110
660
722
790
477
473
119
654
583
532
380
131
144
338
770
419
694
234
125
496
607
236
367
597
100
440
383
251
105
193
590
701
617
259
672
492
613
241
286
341
259
388
655
482
480
777
720
276
603
660
484
111
388
105
319
665
123
392
455
244
198
395
635
712
153
138
656
267
702
325
380
422
329
640
618
539
468
333
689
249
342
371
361
644
397
169
560
743
289
795
752
438
568
646
710
