3
100
473
115
410
769
652
184
668
178
644
114
635
489
663
185
211
459
622
178
101
652
624
699
636
645
234
471
778
614
719
119
105
295
462
508
263
221
357
572
294
333
279
210
544
164
620
562
440
602
511
253
645
223
413
223
488
208
682
318
472
323
314
269
749
681
762
139
473
179
125
245
138
711
121
558
576
349
624
273
738
710
680
366
549
485
407
707
438
355
253
164
343
377
447
379
291
342
608
608
449
312
