3
100
693
731
171
697
262
197
428
631
615
245
638
515
301
545
433
615
316
432
456
276
217
751
309
559
715
286
186
752
144
757
578
651
202
787
749
229
669
560
194
168
594
338
273
467
371
563
404
632
475
727
754
736
383
523
185
554
460
468
694
275
534
601
103
690
733
758
356
746
402
315
559
187
701
219
717
268
364
284
739
435
747
159
312
788
543
485
365
516
476
712
489
712
464
599
747
352
467
490
154
165
