3
100
443
345
706
430
720
722
335
141
367
712
240
273
603
385
256
492
723
669
447
472
700
468
639
606
444
267
120
796
649
304
325
106
309
315
688
108
712
160
269
684
501
624
265
215
724
182
385
145
245
359
304
613
442
745
597
465
268
493
340
240
599
702
492
434
346
651
447
630
450
537
366
213
350
163
183
656
224
617
179
277
604
515
343
383
773
132
598
370
126
796
507
720
421
258
553
552
486
149
793
266
