3
100
126
679
336
522
169
576
739
607
415
611
588
669
172
278
747
789
297
725
615
539
363
653
629
575
199
792
747
192
210
145
500
665
469
116
624
355
681
405
664
501
328
681
249
674
389
334
558
719
325
497
335
761
150
643
507
694
576
258
555
543
526
694
672
296
426
185
593
619
777
254
699
237
190
380
495
502
612
549
770
320
108
475
317
372
539
402
552
491
694
679
477
728
113
799
250
487
282
733
704
635
