3
100
756
790
656
758
435
711
686
762
315
165
313
378
542
333
245
157
557
306
444
779
114
342
184
788
473
384
382
105
163
157
499
214
731
149
523
321
750
651
321
691
519
283
573
558
628
299
370
412
700
649
600
262
406
435
499
167
662
634
682
250
789
695
748
185
764
210
558
255
128
770
292
489
588
278
678
675
376
757
595
543
694
216
454
127
431
105
153
302
158
334
708
696
693
773
451
568
438
121
521
581
