3
100
609
565
698
604
456
743
487
446
674
335
447
324
531
353
391
672
530
214
712
176
794
465
511
699
336
780
108
454
706
237
214
676
699
565
591
547
354
462
278
717
221
604
100
684
800
409
443
556
757
591
612
187
223
278
458
592
757
620
787
623
584
149
435
140
521
142
524
546
261
332
495
588
447
414
608
755
709
314
422
132
683
644
256
441
504
516
710
445
773
448
275
338
597
535
112
709
710
195
607
271
