3
100
335
713
170
337
499
783
555
373
495
659
114
110
612
391
139
443
665
756
447
391
486
377
306
614
589
728
246
795
218
800
533
704
457
354
526
732
529
545
306
502
558
518
384
455
314
481
175
111
229
758
157
707
490
305
700
304
306
316
367
275
148
292
700
768
673
591
670
537
404
249
407
459
612
585
208
214
545
563
413
751
554
754
762
620
481
448
622
183
329
560
796
407
399
400
598
414
215
220
711
124
