3
100
588
221
502
320
765
386
192
168
434
416
367
429
279
577
272
427
619
130
765
261
149
410
690
469
458
368
434
454
221
699
759
606
766
438
400
382
614
736
151
769
703
403
120
616
671
742
654
151
231
733
645
466
708
118
210
370
459
547
753
436
264
597
278
204
495
775
113
472
554
288
575
152
595
297
330
311
612
334
126
679
412
503
394
534
450
353
425
467
751
731
531
113
700
196
169
266
411
728
452
262
