3
100
234
210
773
715
684
651
566
277
453
550
614
365
364
467
691
131
554
206
721
367
444
322
489
186
282
288
219
190
763
346
626
201
712
732
348
673
560
371
550
778
384
656
605
168
222
287
246
211
568
105
500
499
235
385
587
436
705
408
604
302
134
313
178
382
158
320
798
284
250
124
613
520
668
577
623
769
666
626
521
412
393
745
333
645
158
228
117
463
571
268
544
521
758
198
152
170
258
222
479
271
