3
100
439
214
651
364
737
340
198
722
738
787
483
773
142
577
276
576
567
677
228
142
269
236
128
677
232
719
533
383
641
398
365
250
313
228
304
219
528
798
731
411
610
147
562
445
702
174
455
318
500
601
586
771
279
124
706
320
681
541
367
174
579
545
735
211
726
200
257
750
566
691
329
276
130
743
618
361
703
220
165
241
764
408
774
686
503
247
754
325
218
469
759
570
277
188
689
190
561
679
269
579
