3
100
241
451
659
633
106
653
138
716
258
567
165
105
362
714
624
408
190
597
244
407
285
207
501
449
705
293
593
702
635
709
300
293
289
337
215
120
168
693
743
235
508
589
581
209
192
793
280
364
749
440
367
386
711
644
353
209
669
560
713
381
777
639
137
494
553
449
668
596
241
174
396
681
258
187
345
345
105
800
325
727
264
783
565
314
765
270
710
732
625
326
410
103
268
597
770
586
618
635
376
681
