3
100
404
173
161
520
359
149
185
766
243
211
337
170
520
583
691
483
535
648
335
105
581
452
580
575
636
272
637
627
688
368
472
231
521
203
336
603
386
645
472
186
441
739
289
618
370
253
522
264
571
307
660
526
731
666
750
433
658
716
577
497
609
612
418
453
372
503
576
667
643
626
377
225
358
185
157
791
520
596
612
144
484
509
229
590
728
113
593
746
190
702
663
102
798
227
328
259
242
219
640
735
