3
100
728
674
557
649
227
482
776
528
554
484
101
532
476
389
147
584
619
642
322
233
627
424
328
240
713
724
742
140
565
585
272
175
550
534
189
609
272
574
526
509
119
459
659
212
179
147
766
455
733
416
652
290
116
167
157
769
474
199
434
401
362
151
503
597
151
533
280
770
591
719
287
628
147
623
126
536
228
446
636
645
768
603
620
209
197
414
755
571
490
486
668
617
471
357
390
121
516
518
589
452
