3
100
784
217
504
690
281
316
410
543
782
211
217
718
242
644
550
610
174
101
382
364
530
350
767
193
369
225
339
558
104
108
799
428
417
274
664
622
650
116
398
313
170
344
719
720
621
454
374
564
629
585
400
108
500
732
149
466
790
152
494
287
340
437
206
319
100
358
217
446
117
690
340
393
205
114
379
619
785
388
706
572
399
493
217
631
413
760
767
710
773
166
562
449
151
112
352
274
467
665
676
533
