3
100
160
619
562
587
732
290
363
704
589
270
545
669
742
548
483
120
565
415
242
129
743
141
461
758
783
722
297
195
209
299
464
369
633
564
135
133
289
729
319
525
657
772
420
403
653
668
564
661
794
478
602
206
545
633
696
531
731
271
666
639
532
671
225
559
252
444
783
134
757
710
422
781
294
644
259
423
584
203
469
504
487
223
690
575
349
590
607
752
214
690
703
152
317
734
389
412
353
454
512
262
