3
100
444
178
470
720
582
516
186
257
480
565
279
136
548
722
303
157
379
324
188
402
118
551
640
723
610
497
220
398
205
419
305
774
165
257
410
370
419
441
697
671
412
756
452
181
118
793
245
567
539
573
755
363
161
649
371
760
710
271
683
363
454
643
226
635
310
639
316
297
300
410
552
423
401
248
794
597
153
343
523
147
565
699
466
261
566
538
202
671
659
670
143
709
435
444
187
551
463
471
648
523
