3
100
494
635
262
139
508
755
295
438
696
617
305
390
362
428
415
203
675
402
732
118
612
324
536
764
776
710
431
199
383
621
474
221
739
565
581
251
471
675
406
496
755
446
796
383
198
774
519
675
413
537
173
147
558
385
662
161
451
376
451
288
368
606
695
428
304
605
748
292
120
312
137
464
557
522
723
136
228
711
622
624
491
530
218
643
682
787
640
180
538
385
313
324
690
456
795
475
527
250
173
635
