3
100
378
297
175
544
612
344
772
217
174
479
573
379
476
196
434
426
215
111
657
727
782
482
513
532
615
605
753
263
250
493
683
467
535
622
320
258
323
452
626
125
637
630
406
723
616
459
390
423
630
452
491
761
670
147
731
138
320
315
245
317
296
426
665
472
665
502
571
531
633
337
622
486
619
298
459
581
289
199
690
265
283
447
135
139
599
564
268
559
561
693
712
421
368
460
521
332
702
135
336
333
