3
100
481
682
447
355
699
117
646
215
623
615
627
229
182
499
558
464
278
790
223
729
472
222
659
592
351
252
348
266
374
419
710
266
789
203
549
550
720
346
484
522
240
149
559
627
512
545
114
608
603
349
649
740
779
382
444
444
370
768
573
571
719
507
578
265
588
726
625
296
158
398
332
274
296
646
580
232
593
111
583
290
385
307
753
490
645
637
118
102
445
595
242
620
607
740
187
513
513
345
784
667
