3
100
531
665
619
702
404
697
350
101
293
639
473
759
319
344
773
386
733
688
771
286
124
511
483
280
122
749
648
123
457
328
330
387
506
640
303
724
306
385
300
400
350
406
647
409
155
276
564
154
498
677
148
617
239
347
428
681
313
205
791
654
192
651
787
348
133
430
715
142
793
594
268
119
220
214
173
774
122
688
488
400
409
405
483
354
207
100
797
688
457
677
166
159
375
502
731
621
398
584
211
380
