3
100
357
682
333
514
246
177
332
331
125
624
316
787
510
696
101
201
530
418
358
634
703
564
213
370
268
124
634
577
313
261
279
247
760
729
632
402
332
671
800
785
200
298
199
214
797
632
710
627
206
631
599
784
441
787
531
660
571
602
648
400
550
432
620
161
306
718
579
118
407
672
120
654
102
665
284
613
442
562
110
649
570
358
367
423
486
265
456
200
493
293
392
506
114
697
158
558
682
495
634
386
