3
100
782
790
241
269
618
327
468
447
492
366
144
109
697
244
601
741
680
442
442
790
583
752
332
238
159
731
244
430
669
320
396
588
642
650
247
793
221
102
488
251
784
371
283
629
529
779
313
460
745
474
370
235
355
109
642
663
430
188
362
401
486
286
149
274
545
552
299
655
582
580
676
426
141
557
758
318
226
489
572
118
471
297
398
256
676
794
649
768
433
625
520
427
311
402
327
259
426
696
506
227
