3
100
520
208
664
334
794
260
162
261
327
394
234
195
247
245
623
783
408
468
104
655
410
387
754
465
785
719
463
799
171
170
354
260
350
614
457
733
267
533
461
214
723
549
647
528
135
717
193
511
293
100
554
573
359
720
610
431
175
476
407
524
221
245
153
794
359
660
101
353
151
449
603
112
755
569
238
701
681
794
423
542
147
698
383
424
687
796
715
530
745
371
110
449
545
374
665
765
130
194
756
616
