3
100
363
289
711
555
278
498
401
710
206
407
369
495
559
402
201
318
505
391
219
486
218
778
655
165
489
109
311
723
417
600
286
128
182
532
181
147
485
123
782
398
762
584
604
289
379
532
337
432
700
297
437
724
326
791
312
709
317
456
476
115
479
792
676
269
735
150
299
774
564
309
356
576
722
625
726
599
229
747
395
255
544
728
657
432
798
587
795
352
217
764
231
209
715
641
166
479
555
742
474
707
