3
100
253
764
606
772
272
325
437
303
581
772
756
146
227
278
781
414
671
282
442
483
677
507
614
404
482
461
713
392
537
413
684
484
424
433
349
377
749
327
345
136
305
425
419
384
424
460
716
559
382
718
427
151
700
554
125
116
307
598
764
257
185
226
761
291
184
108
253
376
215
730
624
433
215
394
709
321
295
393
175
208
350
556
277
400
556
575
587
653
636
100
794
360
701
415
591
314
169
686
427
443
