3
100
296
617
220
722
365
749
385
124
540
347
696
646
392
215
190
140
452
382
225
704
425
551
334
109
383
724
552
221
732
602
422
175
253
555
276
245
626
674
590
273
611
689
110
386
223
775
462
478
173
417
428
574
785
267
200
661
384
662
214
704
171
321
150
131
159
123
215
291
192
757
495
794
438
535
486
216
656
403
200
494
334
706
745
277
416
241
172
370
284
377
719
238
530
258
100
301
297
570
498
183
