3
100
401
413
500
178
405
501
119
454
260
467
398
654
222
464
227
477
193
307
205
799
737
625
590
713
770
680
131
335
333
574
678
296
730
112
748
700
646
660
497
257
138
159
535
501
608
234
241
366
735
158
436
760
299
105
640
185
678
373
704
366
601
784
508
120
504
251
552
629
740
736
597
368
672
165
606
723
742
233
442
569
512
372
452
137
382
301
117
152
681
654
388
434
234
271
582
794
707
677
370
688
