3
100
798
359
230
361
521
437
328
644
214
607
143
399
715
678
290
456
633
135
255
118
347
164
731
681
570
245
517
711
390
530
602
612
390
189
718
360
339
137
266
212
558
327
130
194
664
728
447
461
586
371
667
432
357
774
480
204
785
439
223
736
786
727
759
707
513
704
731
557
439
567
291
397
628
342
107
192
178
156
544
125
337
688
309
430
793
286
194
706
343
676
674
800
540
225
384
471
400
698
379
624
