3
100
399
495
210
660
307
432
182
160
224
698
213
560
521
395
233
537
656
668
359
309
368
418
423
247
342
610
379
356
252
339
183
642
479
785
545
241
501
228
359
239
263
456
611
348
315
733
755
675
737
345
169
151
219
631
487
752
241
174
397
670
308
681
431
289
369
423
208
612
606
469
776
474
707
576
102
230
705
164
669
712
593
169
413
268
122
161
670
373
163
547
264
213
751
740
299
547
702
307
711
743
