3
100
314
613
258
710
273
180
596
645
596
412
687
299
635
663
403
615
758
752
335
401
737
184
609
540
413
350
600
677
545
597
207
282
320
780
613
582
650
482
306
373
636
517
393
409
513
400
272
260
567
195
494
248
222
443
184
760
116
151
255
328
137
579
481
202
440
776
253
673
541
309
212
389
687
765
550
745
591
414
189
636
457
268
342
501
767
501
535
227
149
544
415
741
422
761
331
164
610
800
688
655
