3
100
506
622
577
112
284
591
138
398
592
549
601
280
113
460
712
588
251
536
583
147
721
454
528
695
213
156
760
756
740
127
574
211
250
436
503
133
123
664
446
696
236
703
773
658
502
328
103
526
493
344
263
292
628
413
214
143
741
549
656
647
225
694
408
310
448
462
666
320
343
471
326
352
581
332
596
155
205
329
670
616
456
463
586
788
356
380
753
712
185
164
258
194
216
616
247
571
333
198
474
343
