3
100
259
105
473
663
195
543
699
446
340
400
426
742
495
493
750
237
784
670
771
796
219
605
107
631
351
777
172
275
675
110
728
313
530
109
111
694
465
747
548
215
280
741
325
385
744
104
146
359
585
769
564
448
662
379
283
208
602
273
240
199
519
323
157
421
109
264
174
324
714
490
552
395
562
230
151
421
692
792
688
722
538
590
663
761
700
142
669
734
286
242
465
528
730
310
437
256
681
415
423
274
