3
100
407
666
156
495
727
447
165
483
191
434
337
443
459
771
283
714
197
775
694
490
123
609
425
271
527
329
750
308
354
511
691
606
682
244
219
413
656
207
141
683
612
319
749
410
461
357
649
137
364
761
672
748
171
800
246
320
438
428
259
268
116
203
479
449
726
687
666
754
194
616
449
761
172
155
784
279
230
116
675
757
620
659
389
564
321
161
631
257
157
575
497
315
488
340
506
449
475
789
206
487
