3
100
699
117
649
193
724
201
799
117
710
447
324
234
261
161
645
349
355
133
142
289
509
628
164
784
323
263
699
332
498
658
436
634
526
753
495
303
758
412
626
654
446
697
495
460
164
108
434
692
194
119
275
326
497
366
448
736
151
326
470
445
478
462
391
569
624
751
328
624
332
777
170
114
788
708
156
290
730
344
231
487
447
441
274
236
342
706
505
147
377
773
662
173
387
654
758
143
577
658
609
478
