3
100
135
441
275
222
414
398
304
619
753
570
597
292
258
357
195
583
197
379
791
492
464
469
122
362
425
651
267
140
631
184
684
614
516
292
550
621
457
757
563
737
524
193
721
133
789
698
378
621
426
773
574
348
472
322
237
299
473
228
265
449
199
699
781
299
138
490
659
289
763
503
736
586
570
563
182
740
603
562
766
221
740
386
773
536
359
711
320
505
589
476
530
132
418
136
786
433
689
180
362
651
