3
100
260
695
609
322
492
608
616
533
734
231
170
466
423
773
597
212
382
684
281
286
157
137
145
589
444
779
204
241
767
741
498
398
158
350
791
232
795
297
454
797
614
687
624
656
109
256
223
103
195
681
576
646
251
542
376
459
537
680
654
532
586
613
794
469
571
738
350
784
751
504
318
456
379
259
395
265
306
480
604
710
140
458
302
782
490
687
163
438
483
500
124
429
358
800
323
215
733
655
798
247
