3
100
168
292
520
442
744
295
405
588
387
602
550
630
396
338
123
138
358
262
392
781
566
416
579
557
410
744
190
111
447
495
124
123
442
594
448
260
384
593
453
416
279
692
283
727
117
435
642
351
718
393
571
633
540
501
305
739
380
687
100
465
538
272
641
429
259
340
118
327
150
688
585
169
574
449
485
291
212
291
659
143
414
591
722
746
607
480
520
330
194
572
359
647
619
256
711
150
604
778
690
666
