3
100
225
629
796
670
401
296
679
335
128
221
261
186
758
767
602
414
706
602
133
685
671
652
322
673
622
525
292
772
473
705
733
181
216
728
279
770
246
331
464
605
449
776
349
269
169
744
430
246
455
114
415
578
170
409
682
704
693
518
403
170
275
296
757
217
494
140
599
638
260
733
727
317
515
167
600
740
697
349
150
578
283
263
362
251
507
630
524
365
651
321
558
317
111
664
727
587
644
113
113
296
