3
100
316
158
344
261
264
242
482
252
652
281
438
332
739
610
657
437
418
372
250
300
177
420
199
345
544
793
437
641
302
457
603
742
483
738
268
397
133
511
748
436
659
681
774
330
540
426
752
128
723
625
193
467
388
451
216
660
595
452
629
454
393
191
681
567
121
275
695
602
670
353
369
626
122
788
763
139
379
301
141
706
642
108
518
365
183
504
345
117
593
442
706
791
490
783
460
766
217
718
682
197
