3
100
513
494
760
345
223
440
371
538
638
591
102
262
677
213
800
356
322
272
308
143
594
732
185
424
186
122
677
333
690
198
769
677
778
253
521
443
379
723
772
490
115
656
215
403
223
266
356
434
342
153
143
109
183
700
569
519
373
246
351
475
669
443
189
550
450
567
194
282
787
424
288
471
383
625
791
728
794
226
369
720
612
161
469
177
342
535
121
478
443
197
719
112
238
692
471
116
513
582
238
584
