3
100
427
547
517
621
753
383
142
324
480
664
391
675
512
293
399
635
153
179
286
413
573
533
163
248
748
442
709
771
580
420
426
739
688
229
773
551
275
379
264
326
771
299
655
272
549
189
692
518
317
240
544
424
289
734
108
168
322
217
288
408
234
151
248
719
301
630
447
298
520
484
234
257
749
353
540
481
329
330
423
162
677
593
100
614
345
793
657
554
774
335
419
668
299
226
615
645
251
196
700
585
