3
100
649
331
693
288
643
706
771
123
406
289
675
416
384
762
313
615
527
392
719
285
430
615
432
173
350
176
457
640
298
661
288
271
710
286
414
266
481
477
100
597
791
718
244
544
691
570
101
106
575
475
493
192
217
625
183
173
494
714
137
525
372
558
248
737
377
196
443
196
639
163
562
654
503
539
412
454
426
167
699
149
546
262
630
587
117
474
594
466
633
743
119
378
716
517
196
713
285
259
189
449
