3
100
390
107
163
574
188
162
425
787
228
281
223
405
315
572
680
127
147
750
590
638
167
415
499
169
469
198
659
638
597
285
554
655
212
516
711
613
631
657
473
245
245
148
161
564
617
132
598
369
136
745
714
634
477
695
229
669
601
509
406
756
759
356
781
759
351
147
263
308
179
509
525
567
652
426
446
560
182
675
548
690
761
412
599
121
385
255
193
642
389
627
205
197
326
281
218
603
743
600
333
732
