3
100
103
561
721
147
532
540
662
163
442
415
294
167
398
112
583
636
773
131
776
188
491
414
385
161
147
800
641
232
395
243
519
540
518
417
651
464
668
381
396
388
784
535
704
139
387
437
137
391
644
307
183
757
308
598
227
147
243
344
410
108
408
585
459
628
528
262
790
327
237
696
287
317
793
429
562
538
669
758
578
467
427
219
556
708
752
478
457
549
673
463
735
598
155
497
464
698
769
292
547
109
