3
100
646
470
232
748
282
492
751
414
589
431
636
433
287
137
376
602
383
320
695
726
453
366
671
630
714
541
252
345
766
162
127
470
609
149
387
605
437
143
750
764
601
708
265
160
352
102
701
368
265
332
287
258
621
767
256
207
679
344
339
187
222
640
753
123
568
719
145
431
163
556
736
626
153
437
313
211
322
530
515
439
108
634
587
645
501
104
409
358
503
749
199
189
776
102
397
793
455
276
315
596
