3
100
413
484
144
452
743
384
755
664
454
390
689
480
225
789
532
111
522
402
358
608
688
717
656
369
314
375
635
234
783
357
207
338
679
220
741
651
487
129
383
286
459
251
779
491
753
331
637
800
349
137
692
279
351
791
434
331
442
655
608
683
433
516
301
449
578
530
490
763
667
144
777
592
694
297
487
420
297
193
658
513
478
546
585
750
593
709
155
635
417
167
254
186
294
217
540
295
745
210
203
460
