3
100
620
226
529
458
742
332
369
642
559
659
240
755
512
796
714
357
218
711
532
283
365
669
344
561
568
633
306
587
224
536
664
197
221
729
403
199
635
507
284
280
693
306
444
598
317
577
278
738
444
129
592
251
713
265
332
767
136
667
492
572
740
375
491
581
178
339
327
663
635
536
110
360
378
775
464
469
213
261
307
603
292
155
408
429
611
690
111
375
273
568
549
422
437
742
311
458
426
654
411
120
