3
100
174
672
120
658
771
115
364
171
274
654
382
297
225
682
125
355
267
791
673
477
389
531
607
580
541
270
275
191
430
409
616
568
182
786
763
676
489
244
724
356
123
585
741
159
632
191
112
653
699
421
404
512
495
286
424
379
588
399
481
597
340
795
512
525
672
331
487
119
703
462
289
299
176
785
472
678
642
364
383
275
529
630
674
509
187
754
377
646
104
193
465
446
697
717
571
169
176
204
103
763
