3
100
381
207
697
329
708
301
167
735
417
674
719
547
256
706
753
230
626
109
476
432
678
252
731
597
377
755
598
546
648
463
781
144
188
703
152
536
165
292
193
651
679
553
492
196
203
673
722
712
111
260
704
511
257
666
628
288
351
182
763
507
797
615
634
360
210
733
479
404
113
390
777
473
700
629
550
563
274
445
750
492
477
744
106
437
469
760
261
246
402
255
568
322
160
495
777
585
379
494
387
306
