3
100
643
373
669
233
664
549
293
369
600
591
797
652
151
213
272
366
458
418
666
546
215
433
127
306
368
447
244
359
577
297
141
396
758
452
563
151
704
351
429
637
574
436
562
652
162
143
593
471
440
282
242
104
369
679
773
533
201
101
318
221
738
564
592
200
678
588
462
232
431
563
210
742
512
563
358
733
107
445
675
769
720
126
754
537
179
732
768
784
140
311
303
525
451
249
157
734
689
629
124
496
