3
100
700
289
304
717
692
582
200
286
188
655
264
118
791
127
283
725
659
538
590
273
781
537
369
377
216
367
340
150
612
209
707
250
392
103
689
783
331
751
328
793
190
285
368
722
437
322
205
145
637
281
222
585
122
287
792
792
233
740
756
608
433
666
279
106
202
439
384
294
409
482
546
507
643
136
684
163
241
214
506
705
175
120
444
703
219
748
657
249
493
557
212
616
379
219
636
587
415
443
548
674
