3
100
104
319
409
346
401
591
484
423
131
289
696
642
589
655
167
701
270
108
177
130
276
478
189
410
767
793
357
246
414
359
705
137
214
611
478
112
478
126
479
436
103
336
667
399
214
187
739
776
276
799
186
163
694
480
623
592
671
432
588
709
460
120
329
340
274
524
455
329
783
556
767
442
273
667
660
260
400
313
407
236
200
509
510
131
780
248
531
428
389
103
196
412
158
397
680
640
220
255
451
667
