3
100
371
484
698
104
120
421
708
787
315
291
604
655
120
724
644
201
553
281
278
245
252
465
655
715
524
380
293
315
752
693
748
556
293
745
529
170
549
760
415
194
200
711
528
133
427
773
388
594
504
543
544
495
564
543
179
759
341
388
490
463
188
638
541
185
170
620
293
611
727
628
310
616
722
794
238
431
554
137
259
779
552
693
622
782
241
600
647
249
588
683
703
740
112
698
167
494
284
656
450
749
