3
100
207
366
256
493
541
182
631
773
564
495
121
493
708
231
587
243
291
249
200
471
469
106
333
440
344
612
700
165
261
248
298
428
377
168
608
156
797
275
572
290
494
361
150
115
606
739
554
775
195
235
441
557
597
669
705
150
131
292
325
387
200
724
798
149
350
737
238
756
519
743
265
724
649
430
450
504
480
795
651
391
221
736
716
714
685
127
360
789
111
273
626
161
256
320
608
717
762
167
659
564
