3
100
391
323
254
188
284
257
384
174
775
418
791
668
634
503
320
798
764
128
170
338
136
499
272
770
309
657
743
208
322
204
714
424
159
106
139
725
196
158
376
414
111
139
732
731
785
430
103
657
759
719
174
608
588
267
400
688
346
465
159
532
129
548
384
710
716
502
464
119
208
631
229
543
657
609
702
182
144
102
125
674
459
269
672
270
232
530
620
507
159
420
710
429
690
210
173
113
594
306
637
144
