3
100
346
676
118
104
789
268
161
189
766
513
471
506
456
399
624
793
335
110
108
349
102
777
485
671
564
193
708
559
104
623
334
511
432
667
103
277
588
614
592
797
245
264
342
712
375
429
468
751
584
401
333
590
137
504
408
790
548
619
395
704
645
278
341
771
214
343
508
766
316
647
734
344
281
626
662
451
469
108
139
704
321
299
508
456
769
718
447
734
530
527
410
744
277
732
229
160
678
250
392
190
