3
100
117
145
109
383
246
663
226
800
372
534
744
431
197
169
470
626
273
238
245
125
567
361
554
153
600
784
695
575
471
730
245
433
648
421
683
760
529
477
195
559
692
786
560
673
405
255
194
113
225
237
690
276
563
423
215
224
420
519
396
550
515
695
769
411
267
103
412
341
572
487
451
335
434
141
435
211
793
673
495
148
109
615
170
694
636
430
217
148
156
684
385
535
706
390
173
423
661
439
458
550
