3
100
197
326
409
463
574
779
787
599
732
178
330
504
677
137
555
406
120
331
371
639
556
704
693
429
494
338
116
357
686
704
574
798
409
683
563
520
239
167
455
386
793
331
269
202
239
580
433
661
399
575
605
547
405
330
787
429
351
488
498
215
205
665
233
392
300
775
290
635
606
431
475
693
167
617
684
751
224
633
251
565
500
125
290
174
572
580
586
787
715
696
183
235
113
335
238
525
156
447
749
130
