3
100
677
777
210
218
154
423
216
746
612
103
284
587
429
704
604
441
702
553
633
404
137
245
727
679
623
645
443
360
362
352
521
599
499
357
137
235
706
459
635
711
554
769
325
654
349
579
675
441
759
214
752
632
494
255
261
583
484
235
647
728
516
313
773
146
249
324
477
592
413
404
100
209
670
382
194
717
458
762
696
767
712
362
287
686
147
448
122
381
138
623
732
227
651
505
503
731
563
176
637
260
