3
100
585
206
792
292
598
418
276
248
775
622
436
436
492
109
636
525
431
549
113
576
102
136
127
180
429
515
691
565
220
576
277
583
514
228
595
573
688
154
349
793
358
325
363
736
743
106
492
712
606
625
194
108
773
320
693
733
424
472
298
514
562
389
421
694
654
493
545
589
346
661
384
222
661
146
115
339
458
486
777
489
783
166
653
789
278
674
226
357
580
118
309
126
685
334
348
231
589
148
400
362
