3
100
289
550
166
422
722
786
636
566
710
431
239
708
108
143
556
177
616
645
156
329
666
553
438
349
295
674
420
240
586
781
131
486
485
757
663
484
790
524
195
658
621
137
708
546
365
760
151
556
588
211
210
405
428
593
229
533
367
683
415
183
267
411
322
565
391
608
301
492
493
128
333
590
488
148
433
686
591
241
527
166
236
221
512
614
670
774
479
218
713
747
424
263
410
229
123
588
642
300
592
117
