3
100
721
195
162
491
696
671
507
623
487
214
401
638
113
384
114
303
675
204
517
377
287
641
160
171
709
142
233
188
122
174
591
734
111
408
158
698
197
400
313
718
256
738
737
218
314
161
346
216
512
569
500
710
548
281
672
339
697
797
613
423
198
412
579
766
729
622
330
549
238
789
419
790
272
697
138
674
162
471
556
373
492
680
714
524
440
503
312
495
198
285
464
318
765
757
423
703
405
331
788
418
