3
100
165
277
292
200
392
727
624
641
545
221
355
673
142
423
145
291
295
317
281
604
173
512
384
517
650
710
686
599
414
158
689
114
668
373
793
535
190
334
598
123
380
263
188
601
677
666
183
676
444
163
570
258
346
483
405
646
385
438
496
683
220
571
657
798
358
280
635
216
721
719
519
641
788
164
616
320
614
772
108
175
623
794
782
322
168
279
428
244
485
650
431
567
799
244
215
782
221
545
279
667
