3
100
461
198
196
779
586
660
679
208
545
616
789
122
243
571
454
608
519
323
326
279
318
462
783
673
328
539
407
302
499
220
248
797
538
609
543
613
572
140
424
116
592
460
602
549
771
569
616
360
554
248
466
117
728
157
317
598
762
710
378
341
524
415
257
393
777
710
592
110
339
451
652
151
434
394
320
733
101
133
149
769
192
136
189
682
537
433
390
485
783
193
485
149
719
275
744
132
762
348
103
696
