3
100
641
764
441
178
236
106
500
313
470
468
602
128
143
764
542
800
328
798
253
303
483
312
551
258
345
311
568
336
601
358
259
541
224
249
279
178
295
462
639
486
293
680
231
448
160
588
743
478
451
150
227
682
541
755
164
692
524
239
786
381
479
688
781
745
609
305
680
766
162
166
105
747
726
636
100
224
583
773
737
250
468
697
294
259
376
645
211
699
756
186
421
243
378
427
450
178
679
780
703
564
