3
100
320
780
431
795
133
784
170
400
117
404
657
373
279
548
615
205
442
560
653
740
568
774
516
510
547
333
716
653
170
792
134
188
663
787
104
588
109
687
264
706
240
415
187
290
104
248
486
170
406
391
594
518
325
722
216
683
108
718
265
601
337
254
458
285
670
578
603
182
156
552
649
312
536
784
219
276
597
221
414
141
526
628
189
109
120
728
613
342
684
332
195
279
789
438
192
224
624
699
285
300
