3
100
523
390
772
685
356
264
404
696
269
163
566
106
419
536
655
593
378
785
409
708
676
237
486
448
318
698
417
387
776
771
238
288
356
153
192
689
641
618
613
459
508
153
574
145
117
593
222
573
186
709
485
236
725
688
141
558
655
481
787
128
405
424
754
311
474
638
425
534
174
602
706
747
752
302
282
557
273
154
752
645
597
403
726
142
514
693
611
503
265
520
561
428
634
555
711
787
110
641
177
595
