3
100
402
281
584
159
469
288
116
277
642
461
501
796
548
737
568
191
247
454
241
660
549
205
596
248
705
353
584
567
475
433
241
677
273
127
567
249
781
411
779
100
638
677
642
106
616
234
171
784
254
682
218
155
280
755
417
583
302
450
119
380
173
426
198
296
136
172
128
381
441
560
136
516
434
266
738
427
629
771
335
573
745
330
703
404
729
728
738
295
543
193
190
163
134
506
771
349
276
262
426
577
