3
100
701
311
513
314
176
649
586
518
575
100
463
765
375
651
538
441
413
708
726
375
701
458
513
571
214
386
592
222
369
672
463
698
252
769
414
301
447
545
176
408
721
216
554
574
697
436
328
127
691
474
336
621
632
759
728
776
554
711
494
687
562
231
672
614
276
680
724
637
547
425
693
495
449
362
732
300
745
517
108
716
533
318
585
526
360
441
172
664
617
639
362
729
800
533
226
569
358
594
502
642
