3
100
607
120
405
582
245
625
109
795
399
767
146
168
498
376
372
399
756
434
691
246
382
720
403
273
185
439
541
756
428
416
768
470
275
576
661
554
212
382
466
138
433
169
626
565
111
538
786
666
340
526
372
630
250
160
749
435
302
379
546
560
153
329
265
770
198
442
757
479
490
780
479
686
530
259
623
482
632
251
620
742
672
654
123
279
397
338
456
587
625
579
649
247
403
241
640
715
660
266
453
381
