3
100
704
697
280
350
655
253
758
246
652
680
501
228
451
126
196
202
722
306
356
602
565
635
674
114
103
259
252
601
453
255
108
277
360
398
255
376
723
318
455
781
178
114
446
741
677
462
352
453
618
779
561
727
770
377
377
717
562
489
352
735
151
160
591
337
567
727
630
782
523
662
191
670
414
400
115
151
181
337
663
414
155
399
694
544
674
496
524
160
470
442
757
128
145
755
582
643
207
127
461
190
