3
100
405
377
503
310
116
168
329
606
784
684
514
638
503
147
124
273
772
596
799
766
320
447
327
215
341
549
403
409
771
609
557
526
262
684
658
126
528
758
794
213
353
493
629
267
292
547
328
357
532
577
268
626
336
208
211
252
463
188
765
786
155
205
106
559
611
387
694
474
220
179
738
158
487
186
564
609
221
702
739
697
402
403
373
153
125
125
505
636
416
511
653
660
524
531
443
509
687
386
721
324
