3
100
318
193
291
433
582
471
627
295
667
676
213
415
344
310
580
274
157
766
402
221
163
690
277
422
250
638
689
705
629
192
124
567
402
167
392
763
504
778
189
159
519
689
766
481
574
437
550
713
606
436
451
791
500
541
244
561
414
503
723
314
565
589
424
102
497
283
242
617
626
661
500
754
453
630
308
252
462
365
594
400
681
697
305
722
128
591
489
742
628
395
150
516
301
358
679
647
537
739
652
367
