3
100
690
781
778
286
241
683
671
583
298
649
537
458
320
416
513
775
212
489
526
218
113
665
526
204
369
133
192
168
266
547
208
725
457
171
221
703
647
108
469
658
262
195
786
257
696
676
479
742
718
552
490
561
477
305
119
283
758
595
230
684
329
433
332
304
461
431
734
189
514
625
672
396
708
572
115
182
165
325
351
466
727
182
528
160
443
610
696
387
544
236
105
462
679
332
592
353
634
357
323
520
