3
100
207
734
493
308
567
631
150
668
272
745
198
228
547
421
546
536
653
692
236
123
483
703
483
126
524
606
166
266
604
440
621
615
205
572
784
724
362
226
227
343
118
380
267
303
182
536
333
775
432
574
134
405
415
671
579
534
713
703
688
473
282
515
266
669
275
371
665
440
328
179
107
789
633
287
392
384
675
357
476
124
250
515
728
174
663
571
357
672
486
120
619
521
609
220
495
546
349
328
247
529
