3
100
407
443
616
267
588
355
394
462
187
483
611
284
172
240
268
500
744
654
532
274
593
256
241
162
555
268
686
364
419
138
760
566
123
272
692
647
422
727
352
168
226
788
529
132
421
115
186
720
160
769
189
599
331
303
214
614
199
446
724
642
520
544
224
133
538
284
395
221
750
497
191
406
246
625
627
318
533
575
625
252
417
639
753
479
180
195
122
732
316
779
470
566
451
232
615
598
534
326
184
412
