4
100
670
744
133
636
793
183
454
421
768
334
648
172
686
441
224
535
403
451
780
785
384
592
280
590
619
413
118
547
413
114
438
789
457
644
542
476
168
467
173
252
107
222
265
683
371
537
375
166
560
732
486
719
617
491
190
636
451
311
140
628
423
726
180
331
617
303
450
596
279
118
565
343
240
705
371
603
602
575
174
325
706
520
446
768
678
381
302
252
343
203
356
304
419
152
151
764
382
618
665
668
