4
100
347
197
706
709
101
176
418
702
111
354
139
251
589
313
462
256
635
168
390
769
485
133
724
658
424
273
611
246
578
427
580
621
182
305
142
316
525
465
472
578
363
657
261
299
612
447
148
228
117
722
328
360
695
453
421
290
446
653
241
456
553
792
713
746
345
304
784
685
241
253
104
496
664
286
477
237
436
655
491
511
245
213
124
549
688
195
627
675
484
457
370
743
471
103
679
140
772
389
640
787
