4
100
188
366
424
179
212
771
754
342
642
402
680
779
267
302
621
100
140
337
328
322
215
164
167
218
363
388
470
760
166
380
368
222
285
476
293
678
501
154
459
652
732
578
218
560
124
322
388
618
525
372
156
329
316
197
463
246
338
296
552
402
177
723
302
329
240
487
634
636
485
624
585
577
750
442
169
682
537
251
604
669
384
758
512
332
606
539
709
599
208
690
749
571
187
549
563
329
688
596
155
426
