4
100
125
706
353
358
477
370
779
299
678
578
702
459
585
573
339
758
130
782
552
580
158
289
628
531
645
788
435
175
488
199
651
149
278
474
368
242
336
165
475
461
335
474
207
166
489
276
179
181
121
422
692
179
607
504
203
443
790
711
296
302
273
347
296
244
792
736
484
701
745
586
570
304
425
648
452
630
402
129
446
604
791
302
285
189
698
568
407
747
634
310
603
671
209
218
247
300
199
285
108
706
