4
100
769
419
312
201
214
390
746
138
366
215
602
649
169
479
272
431
421
402
737
609
245
740
475
718
725
556
238
467
326
470
312
276
290
482
738
582
396
772
325
628
506
568
727
225
184
702
194
286
585
729
109
737
221
423
485
705
710
759
549
275
785
150
197
331
291
684
221
464
151
507
618
556
409
408
463
445
545
766
771
459
669
767
520
727
789
609
563
665
250
373
701
737
155
472
440
190
354
171
624
568
