4
100
690
791
721
536
654
165
763
484
761
167
664
532
144
110
429
528
353
469
778
286
238
704
570
296
126
762
710
510
554
646
530
703
491
168
643
307
630
268
368
528
553
316
243
323
278
482
499
270
570
787
416
296
637
327
652
394
195
168
150
105
314
123
217
282
232
601
374
123
646
423
693
685
181
430
798
165
437
253
442
568
695
158
268
537
518
274
636
265
417
690
621
286
593
325
707
429
548
185
726
356
