4
100
716
598
412
793
668
746
129
633
138
637
127
404
310
438
649
640
679
483
738
579
417
671
739
456
619
741
779
459
414
720
122
565
264
144
198
553
525
264
108
188
192
109
705
286
720
441
443
444
206
177
516
453
369
690
354
488
382
474
311
764
693
504
311
673
718
651
783
196
206
483
264
790
786
240
181
144
676
581
704
424
782
406
270
572
464
457
202
702
476
790
373
356
484
523
671
443
260
563
524
445
