4
100
514
424
290
110
779
443
774
715
679
683
414
196
195
719
523
793
715
111
366
373
622
425
195
150
167
427
251
672
208
561
646
774
430
598
712
219
530
255
640
413
194
699
475
383
633
615
704
641
701
158
203
222
188
177
676
193
489
211
748
339
541
160
755
224
646
744
693
427
158
611
449
455
256
650
208
324
582
755
330
225
255
276
704
357
475
748
279
239
275
377
271
297
176
627
539
121
397
358
340
407
