4
100
118
183
572
766
793
246
609
152
111
217
784
244
262
759
548
453
604
516
516
209
432
410
764
551
532
416
712
281
682
708
583
709
157
183
224
753
491
763
221
633
717
662
368
129
487
442
430
520
567
128
367
387
698
716
746
709
441
236
509
316
195
510
541
632
292
770
390
778
256
556
776
562
351
694
668
144
499
238
143
566
769
602
612
262
646
747
324
151
572
266
552
492
163
526
737
720
107
391
127
159
