4
100
621
526
650
363
750
268
506
222
266
410
687
137
724
706
573
437
128
355
506
662
255
554
449
796
139
212
209
583
246
258
548
411
509
410
257
270
648
320
416
291
664
207
421
756
105
245
488
184
310
144
134
592
519
294
333
331
474
289
241
396
381
430
406
415
355
591
546
405
737
673
300
612
480
527
164
119
627
748
492
538
243
154
675
762
241
433
595
305
367
462
162
717
571
612
409
162
446
216
577
790
