4
100
763
704
232
396
633
499
703
290
709
468
382
569
696
312
209
388
722
568
717
113
777
781
514
286
335
652
542
756
241
662
800
692
582
772
753
168
126
692
608
527
143
334
676
713
694
434
192
783
598
551
529
695
378
737
167
667
475
589
360
311
339
572
457
752
500
719
409
603
607
196
649
532
447
566
747
299
437
795
339
164
190
161
232
375
760
629
185
126
752
290
361
196
324
293
157
160
450
742
713
672
