4
100
698
670
495
708
784
467
413
388
104
592
349
523
744
615
232
493
754
297
122
684
775
738
269
217
326
796
636
472
574
691
608
360
274
175
271
191
288
384
468
110
577
255
224
108
163
131
656
203
783
633
649
108
192
304
412
463
367
438
310
746
467
275
565
158
477
778
436
789
127
174
376
447
784
188
163
375
513
534
698
532
530
588
391
659
611
543
113
108
285
624
628
662
206
494
194
411
190
222
746
422
