4
100
348
210
273
746
624
555
797
276
299
605
795
710
691
127
311
381
190
664
366
300
359
555
381
668
289
637
689
358
252
318
308
783
612
126
502
119
216
231
104
336
570
543
129
361
370
285
144
658
728
548
432
252
757
703
112
245
344
610
355
503
292
185
754
712
531
552
782
217
616
463
724
136
393
601
680
741
140
347
442
419
187
338
253
412
704
279
334
625
268
451
592
511
214
579
492
135
740
281
522
709
