4
100
251
326
796
412
372
519
129
752
304
142
374
747
412
422
698
658
301
662
435
254
359
616
363
573
674
241
659
250
124
316
428
438
551
442
209
788
593
717
456
510
210
781
188
314
473
444
724
315
729
479
482
220
146
101
466
393
131
212
113
286
619
524
329
554
741
360
391
436
368
326
624
223
428
659
360
386
597
451
266
194
665
547
651
695
681
321
638
178
568
220
329
312
618
291
328
553
756
277
749
430
