4
100
312
351
452
504
462
198
192
110
435
580
421
377
454
344
439
468
619
112
522
126
694
107
750
384
781
247
709
246
754
422
775
554
585
239
767
320
129
349
177
240
497
445
673
776
691
232
380
421
728
580
236
432
730
643
720
644
188
761
154
350
212
632
190
772
338
460
258
684
429
180
598
636
635
255
566
328
142
550
611
383
284
779
231
772
138
431
306
130
691
267
696
144
779
494
124
309
207
511
434
567
