4
100
288
475
799
276
281
709
336
429
204
673
718
744
660
180
445
680
166
394
278
633
728
424
130
726
271
399
357
465
673
518
405
678
540
273
444
726
785
647
369
787
566
185
384
119
402
349
356
397
568
532
740
118
359
266
188
395
336
189
330
411
540
397
223
759
286
363
788
653
228
443
304
210
405
741
603
116
554
161
109
761
605
536
380
143
647
414
204
365
371
245
384
289
786
718
290
272
511
593
189
781
