4
100
486
667
489
237
336
561
549
306
254
604
503
368
469
328
401
141
122
426
305
707
562
578
520
324
403
249
594
213
579
363
602
719
453
248
499
442
411
365
351
455
431
299
740
287
221
443
538
382
243
335
470
538
797
689
539
615
593
692
430
724
396
373
793
185
535
360
495
166
703
395
350
192
619
136
727
431
173
133
723
655
445
172
324
775
690
600
632
154
412
323
771
595
204
582
561
393
666
498
585
483
