4
100
286
119
500
729
612
609
411
530
674
797
300
378
655
355
495
563
776
239
269
323
214
339
707
483
395
794
725
659
760
701
278
148
306
481
245
394
710
234
375
611
509
356
223
607
681
239
251
261
576
650
309
592
339
670
393
786
703
426
167
312
148
484
777
510
658
726
520
747
320
795
511
353
134
722
702
741
467
320
293
678
499
165
409
158
646
634
655
236
241
437
747
232
314
212
215
725
224
699
384
408
