4
100
106
149
187
578
475
340
104
236
642
480
733
281
496
425
452
540
249
458
553
509
402
694
741
241
490
645
415
708
798
377
124
130
752
430
397
294
288
513
745
435
694
484
240
399
726
793
376
478
600
307
393
722
563
612
481
424
327
680
266
581
798
121
257
229
355
510
683
659
429
577
489
694
738
688
726
558
304
488
395
307
753
230
187
545
669
169
782
503
649
137
625
507
113
692
190
407
602
237
102
295
