4
100
221
647
368
617
719
627
393
126
109
471
684
659
776
253
363
511
523
478
767
448
247
776
242
392
576
179
333
482
788
374
233
208
704
716
514
526
653
435
729
539
217
307
696
663
646
301
552
357
449
203
279
241
266
417
115
176
206
134
427
328
165
585
368
303
319
760
209
559
391
308
343
488
492
517
460
182
740
550
309
269
351
176
623
519
407
572
724
733
497
386
503
403
435
396
477
652
754
625
615
738
