4
100
682
594
390
612
192
673
297
635
368
290
486
318
743
363
350
652
145
423
640
651
519
464
717
700
407
165
184
457
530
392
693
442
419
667
216
299
137
319
111
731
772
510
442
709
197
124
390
461
226
254
229
433
617
439
684
422
270
692
356
288
699
199
331
142
564
392
561
706
197
496
610
345
691
255
594
687
364
728
180
496
507
361
568
245
798
342
341
549
492
318
603
769
496
596
475
604
702
316
483
455
