4
100
759
184
408
339
625
186
377
685
406
664
354
198
201
140
615
724
476
236
538
492
631
171
412
609
542
534
613
515
178
233
258
623
798
621
239
227
709
686
125
493
314
137
142
611
332
542
526
439
183
356
355
511
761
619
756
122
372
328
575
491
654
389
646
396
769
736
507
382
168
431
215
155
137
739
219
333
611
676
718
188
665
428
489
457
585
760
794
726
610
475
356
488
544
375
318
388
256
377
270
125
