4
100
742
357
225
581
113
375
342
592
572
507
504
713
667
418
355
475
104
511
135
433
412
623
378
253
180
296
392
479
282
635
417
256
163
720
453
156
611
509
665
254
393
415
562
490
780
350
452
509
430
349
272
368
266
671
693
726
109
668
198
399
400
638
739
403
590
345
263
458
507
521
125
579
502
336
757
736
361
648
326
686
502
425
572
691
537
347
200
297
118
275
369
800
655
405
542
178
203
482
117
106
