4
100
150
788
164
577
696
426
402
474
737
572
730
175
463
177
132
486
650
637
771
395
525
285
683
759
710
274
662
464
741
114
113
462
258
405
787
279
373
131
172
306
311
433
491
755
530
159
341
797
409
688
531
671
320
425
286
477
365
681
625
526
699
512
214
486
615
151
500
785
620
405
513
703
469
121
246
129
186
146
710
101
560
440
663
711
301
181
516
595
395
137
111
795
212
312
178
390
104
572
464
714
