4
100
220
429
631
650
602
675
103
378
153
393
406
573
635
123
664
227
564
332
221
475
433
462
799
227
402
251
417
385
264
538
109
521
290
732
295
647
143
657
136
342
774
486
568
172
183
126
502
469
572
206
208
293
248
411
668
770
428
114
301
202
297
577
279
556
658
313
193
116
741
448
219
330
100
433
640
214
685
250
155
740
670
684
659
294
386
267
292
120
703
106
677
122
199
484
319
455
207
423
786
481
