4
100
609
568
507
146
534
717
467
624
307
753
362
400
667
784
615
179
595
582
554
444
435
731
568
592
288
451
240
348
676
499
147
649
581
637
343
503
571
787
411
328
485
246
394
563
104
596
501
450
691
365
285
501
407
384
798
228
408
208
619
258
608
313
464
417
523
271
260
792
285
599
603
164
442
580
184
225
516
462
400
158
549
337
327
502
724
580
279
182
448
378
636
730
432
631
148
158
719
718
718
334
