4
100
665
605
129
328
392
279
512
440
655
669
182
480
753
593
631
750
178
393
175
561
684
632
668
529
121
270
373
126
463
612
323
326
592
327
349
102
467
454
184
129
571
469
742
331
120
134
673
422
364
127
797
620
346
734
299
426
551
720
121
395
416
586
207
559
231
386
436
450
400
531
328
679
183
653
320
496
117
764
427
434
405
472
464
211
183
484
458
319
468
777
520
288
265
345
208
619
569
628
150
692
