4
100
204
696
751
512
530
422
339
714
390
322
272
785
744
539
170
330
368
755
321
451
554
123
513
257
167
163
433
552
694
131
254
689
260
274
682
517
419
347
390
382
521
417
625
621
657
434
180
514
572
678
357
229
159
285
292
127
131
145
160
251
754
375
356
684
770
766
149
687
688
707
714
109
653
686
629
277
584
462
665
149
496
211
335
358
288
454
223
417
413
751
293
307
620
676
463
140
267
266
664
693
