4
100
234
735
248
368
309
238
626
645
326
618
468
452
280
710
509
255
565
250
182
224
365
501
650
241
428
143
307
791
399
457
262
512
544
163
192
247
139
253
672
241
239
582
776
334
318
144
764
320
689
324
730
483
191
615
134
208
365
120
312
268
687
628
144
382
290
757
319
454
557
779
760
584
184
621
330
551
227
138
212
175
216
260
463
557
748
112
241
584
652
622
318
617
639
583
150
754
107
610
737
663
