4
100
524
250
198
477
450
162
166
238
248
197
545
631
265
237
329
336
654
739
299
381
121
199
800
307
443
515
389
800
653
598
278
201
516
674
526
300
667
461
627
386
124
315
258
590
291
451
216
495
715
344
718
719
632
404
581
478
685
321
777
225
615
390
463
255
629
211
188
194
141
358
369
762
191
734
646
101
435
485
113
800
513
211
526
263
193
129
574
188
385
526
141
790
136
278
537
116
797
459
694
533
