4
100
528
690
499
494
620
568
583
569
302
583
728
438
654
517
231
680
342
386
494
466
143
185
167
203
628
517
292
144
734
586
497
571
708
574
278
760
319
690
460
209
756
387
618
764
390
570
185
486
521
361
436
327
789
355
336
460
372
436
272
287
753
581
361
734
255
428
324
398
670
433
246
300
738
384
101
381
324
205
162
397
560
230
175
275
653
246
117
652
486
123
426
785
586
608
303
136
156
799
396
134
