4
100
511
135
304
177
602
549
681
670
733
407
529
233
689
573
101
783
722
515
338
763
287
677
650
410
470
128
372
189
269
688
392
104
771
722
759
583
383
314
555
738
763
323
761
302
300
194
275
344
387
167
528
649
664
144
452
780
730
142
746
617
642
212
596
365
176
541
185
743
375
323
576
540
361
310
254
656
630
634
273
609
217
202
446
125
342
479
631
195
525
325
788
114
475
126
503
290
764
491
797
329
