4
100
391
631
162
423
754
586
148
387
570
781
106
460
688
293
749
474
604
149
436
312
358
452
309
625
498
474
492
209
124
333
671
573
706
745
150
172
270
137
182
718
377
358
172
366
654
643
356
377
513
164
457
749
352
760
614
232
111
721
387
717
121
677
738
587
720
535
582
163
639
111
522
308
481
624
448
520
754
765
121
683
790
656
627
212
640
363
402
161
338
705
546
608
746
715
491
315
366
200
167
768
