4
100
627
375
453
451
245
759
359
537
749
634
251
381
724
259
798
653
656
499
148
467
795
120
645
367
598
269
297
592
450
713
542
204
750
472
165
609
482
710
617
132
158
114
279
689
732
241
131
612
594
536
476
268
438
539
638
143
603
152
253
502
688
793
719
522
750
411
522
410
567
595
547
183
479
539
453
733
308
293
129
156
553
691
627
774
246
640
359
211
610
203
585
158
461
342
564
611
212
742
583
576
