4
100
133
728
147
686
358
236
548
781
567
407
618
400
289
774
397
700
654
263
351
151
339
265
551
507
782
183
731
333
375
158
517
624
735
462
530
783
539
379
166
389
749
747
454
428
195
384
781
508
454
388
698
440
382
208
502
604
634
194
590
381
660
119
284
267
768
678
344
657
165
260
741
104
782
303
713
764
756
308
397
692
703
743
533
341
362
516
239
119
306
221
576
221
341
668
565
647
165
170
401
679
