4
100
340
317
755
742
160
216
344
786
271
738
599
343
104
301
698
352
738
791
637
690
139
120
415
527
484
387
786
272
244
793
690
178
457
542
453
526
669
517
276
591
649
224
280
575
186
521
741
218
452
208
393
386
646
512
511
630
408
623
758
420
317
428
122
562
454
602
120
579
544
787
475
471
277
734
569
556
496
233
378
777
364
610
174
187
312
796
403
117
249
580
342
503
759
530
429
600
264
695
567
572
