4
100
649
657
663
161
100
731
425
392
325
283
563
266
713
662
578
449
365
582
167
311
160
423
333
217
800
406
460
487
319
338
466
529
184
240
338
253
360
440
534
258
148
449
461
787
607
111
633
169
142
226
797
430
779
545
342
472
594
745
275
643
344
181
478
466
451
608
637
755
270
674
645
294
335
398
484
409
572
223
279
591
794
228
529
618
664
239
406
734
545
791
445
612
408
785
487
591
331
206
617
285
