4
100
494
576
260
325
461
415
298
318
335
710
539
602
136
220
539
280
151
406
169
300
728
440
553
669
141
113
261
635
340
104
101
451
257
330
364
511
506
571
358
660
547
564
211
379
228
280
755
547
105
373
772
479
534
701
735
732
230
424
402
494
623
381
103
748
563
735
793
600
319
198
778
798
145
330
322
413
421
211
132
703
570
389
704
746
249
707
456
250
723
395
336
447
798
452
197
243
644
587
255
262
