4
100
322
517
590
110
709
693
435
329
263
171
747
532
624
561
241
232
140
728
263
168
495
746
638
737
193
417
598
603
130
776
593
389
235
151
767
232
485
231
311
325
702
371
498
221
515
500
182
426
204
695
582
654
321
224
432
365
776
274
417
177
106
548
773
655
522
237
466
561
520
573
752
202
274
546
500
737
209
505
103
156
436
336
653
656
372
604
496
759
634
379
367
237
202
134
287
292
769
621
148
416
