4
100
202
712
677
105
126
196
423
143
260
631
285
733
239
527
574
112
142
565
691
642
286
718
763
412
487
348
643
435
210
584
490
798
281
568
126
505
581
174
665
289
712
116
714
691
138
114
457
325
611
744
311
618
348
560
449
212
312
399
512
759
146
147
182
273
597
592
645
676
497
543
610
799
243
433
225
775
533
491
247
295
581
489
704
551
714
366
418
739
235
330
217
346
370
424
710
218
381
283
239
290
