4
100
711
385
687
717
401
581
374
305
260
402
783
335
776
712
770
605
151
109
374
162
230
286
174
650
687
342
110
707
389
386
598
363
346
412
299
695
523
746
384
161
332
565
558
218
703
104
163
602
721
223
166
389
747
758
404
635
109
440
517
183
571
503
356
754
171
749
561
298
542
697
510
543
402
210
660
695
423
295
139
429
571
569
138
251
426
412
455
632
371
294
430
616
162
467
752
111
469
540
532
250
