4
100
455
199
601
799
684
246
539
222
666
115
256
469
509
403
111
324
756
404
161
188
596
666
211
515
462
106
746
420
597
318
531
673
494
240
697
548
616
104
594
471
786
659
116
621
154
469
113
423
143
389
164
306
562
513
737
137
798
793
614
637
486
441
799
761
351
306
196
164
423
515
568
435
532
400
457
207
270
698
500
244
540
321
500
301
369
310
186
362
200
250
141
649
462
476
105
407
309
242
258
369
