4
100
363
246
625
409
175
680
587
413
672
640
734
761
240
279
655
454
163
168
781
169
211
521
516
163
704
591
741
463
558
346
193
522
403
218
424
460
273
326
423
374
274
571
527
523
724
213
199
285
374
420
181
103
398
689
628
787
161
343
105
198
160
212
377
624
242
272
153
195
796
275
225
613
620
545
366
324
565
149
612
488
349
151
618
608
452
732
586
647
680
588
270
509
312
705
259
406
513
605
624
687
