4
100
447
261
651
296
798
233
641
774
292
540
716
543
482
256
192
117
217
242
731
689
524
444
436
106
539
167
741
247
631
622
155
544
795
649
101
100
612
316
417
675
799
496
633
745
722
508
727
237
287
149
660
546
615
485
774
512
671
630
274
286
394
289
784
470
483
387
274
717
262
365
469
626
629
551
422
101
167
514
777
588
541
381
490
177
158
241
741
102
621
416
610
192
732
508
632
111
496
725
226
768
