4
100
227
243
462
713
519
782
383
719
672
691
433
710
443
211
632
503
781
226
481
753
110
774
603
166
605
456
338
590
625
206
429
362
639
240
274
462
213
679
256
307
779
243
747
753
175
738
587
238
668
486
644
236
336
563
538
356
748
691
446
632
794
211
286
483
509
637
466
649
166
671
719
403
241
508
503
538
151
708
284
223
680
542
191
345
264
720
242
714
563
684
754
254
297
283
113
163
473
228
446
246
