4
100
307
458
726
171
171
213
788
773
377
742
142
765
107
513
622
121
529
442
228
502
565
481
544
530
532
601
305
362
358
530
363
117
778
389
409
592
496
779
779
645
533
259
234
355
339
699
219
165
388
193
187
183
745
168
105
375
506
751
336
223
218
519
290
662
271
623
759
590
164
688
113
556
747
480
493
317
336
364
152
779
113
522
692
503
585
347
467
796
329
127
765
465
511
786
256
562
474
307
132
187
