4
100
498
751
404
516
648
202
422
622
727
350
398
308
198
224
487
382
532
532
711
643
624
606
317
418
787
425
107
674
618
720
742
699
539
437
516
570
719
696
322
283
159
505
372
468
167
367
608
473
293
446
576
123
750
322
185
262
106
307
637
658
152
153
626
188
441
716
424
709
709
209
535
579
662
427
521
282
651
541
107
505
407
176
468
401
762
557
772
228
638
230
519
657
519
768
643
155
488
735
589
254
