4
100
780
387
226
129
534
340
798
101
646
796
731
784
129
733
326
446
366
428
202
606
697
675
122
439
491
782
103
463
691
247
295
100
621
607
332
311
591
459
267
111
454
460
272
249
453
800
522
775
136
249
544
167
252
286
152
257
614
290
552
800
240
619
715
545
479
253
237
571
592
224
272
792
525
211
429
148
352
211
755
466
591
293
389
693
593
518
598
406
616
334
268
705
560
259
700
365
288
220
751
580
