4
100
397
590
174
539
475
335
483
462
436
739
687
681
265
666
739
503
337
611
595
633
331
353
264
207
427
275
744
312
569
764
215
659
608
380
236
655
622
515
184
632
703
404
291
463
230
733
648
445
108
405
383
258
286
495
519
206
247
670
700
526
378
686
297
169
713
665
390
670
544
142
319
377
322
789
715
764
217
208
404
316
266
617
492
494
685
182
211
665
261
656
655
217
527
465
282
144
294
591
395
607
