4
100
219
588
384
699
430
569
182
161
744
200
448
655
471
366
680
748
102
517
467
143
220
524
240
217
593
600
103
526
142
700
238
396
585
792
783
682
449
607
485
103
470
263
437
157
752
363
276
401
214
166
163
216
409
140
143
742
408
483
369
689
278
518
106
722
515
373
419
324
265
727
718
429
620
629
393
637
376
402
618
794
384
518
730
659
362
638
383
437
790
242
479
790
775
128
775
223
294
581
453
347
