4
100
251
122
268
156
698
514
378
351
118
309
695
473
212
232
486
492
758
467
646
389
105
577
432
165
750
301
665
727
365
533
108
746
527
266
429
698
201
718
119
773
618
526
506
358
502
225
729
504
601
595
595
255
672
480
110
164
151
394
583
377
395
689
301
295
797
601
192
507
677
283
549
706
657
194
734
568
695
679
461
121
406
311
550
275
252
720
356
736
112
389
272
188
123
528
213
160
295
624
367
657
