4
100
168
639
362
195
668
692
631
390
764
645
226
614
435
780
449
339
257
288
266
426
146
345
401
683
372
356
578
400
655
683
457
465
127
638
740
744
284
163
246
445
392
277
170
756
786
193
109
651
734
224
571
581
681
653
749
729
466
782
681
151
515
255
777
289
404
559
123
247
407
393
567
662
410
319
460
735
401
588
503
343
444
531
637
226
113
240
631
247
215
315
134
627
482
383
307
555
232
601
724
479
