4
100
451
624
190
139
632
190
642
115
389
636
325
275
353
289
102
702
669
335
663
601
611
367
472
237
478
405
209
246
161
299
368
418
682
704
434
761
311
720
343
633
665
624
713
158
366
564
439
410
789
134
786
272
777
223
531
473
636
136
403
101
697
495
681
286
763
710
375
363
423
128
786
506
249
762
125
340
357
379
230
530
551
483
135
335
643
458
334
251
243
292
200
616
126
679
502
401
277
487
474
368
