4
100
259
262
585
327
155
661
705
400
211
539
408
655
133
296
639
225
104
304
328
788
400
653
653
783
483
372
359
337
369
337
373
747
768
735
174
634
602
115
658
689
300
214
158
174
360
453
455
619
797
310
355
571
754
473
646
340
398
656
122
606
188
403
198
500
316
762
578
776
321
526
718
135
287
367
750
146
106
127
492
526
322
494
726
200
347
649
449
644
354
291
607
287
545
436
299
304
590
188
154
773
