4
100
233
787
473
478
248
139
196
440
344
783
547
425
253
241
591
306
750
607
400
435
473
583
408
778
617
308
240
229
695
758
518
292
786
513
639
546
451
413
229
578
623
677
778
693
776
301
435
704
465
135
198
291
348
529
463
235
574
554
555
331
749
207
530
275
784
680
360
722
506
605
686
322
154
185
241
636
345
590
466
715
116
727
482
265
743
490
647
185
626
688
682
471
169
335
784
407
511
432
798
326
