4
100
111
238
306
470
755
327
462
308
493
727
596
284
313
795
579
647
564
405
133
701
222
748
633
396
533
402
783
685
431
686
172
562
529
678
212
571
288
115
331
194
256
371
658
311
290
697
679
234
742
250
162
522
332
293
270
364
487
263
631
741
758
325
798
760
714
590
479
469
609
517
639
338
121
586
583
226
776
647
107
610
129
540
431
501
147
198
401
426
334
619
572
696
160
110
457
532
251
520
164
183
