4
100
228
510
776
458
454
491
441
714
708
343
615
475
752
303
633
201
298
752
795
266
729
565
317
786
685
535
366
233
236
673
257
528
323
474
139
391
273
777
349
786
393
177
238
725
538
733
678
258
249
534
443
135
477
451
462
237
569
562
550
291
336
246
508
755
201
561
712
377
108
488
758
235
722
358
396
246
587
550
638
749
477
362
128
769
209
562
111
653
538
509
447
681
317
356
729
550
148
617
150
438
