4
100
205
354
344
768
194
481
553
652
599
678
106
332
400
720
424
330
532
122
197
234
522
519
177
461
214
502
427
693
253
452
549
589
658
534
792
670
260
270
531
579
522
390
423
318
431
654
533
261
665
650
741
635
231
766
621
483
290
543
197
305
445
695
173
661
104
406
233
261
733
411
329
527
561
633
726
525
679
115
138
480
108
618
334
560
139
588
412
537
449
511
358
323
294
737
573
682
580
169
180
614
