4
100
551
340
471
482
418
663
602
471
183
245
495
148
458
270
145
797
593
108
786
687
565
741
214
692
250
660
202
270
265
339
769
631
179
586
239
364
412
359
376
357
799
375
479
478
732
574
767
633
177
572
335
611
171
285
182
785
683
727
112
205
756
779
723
457
229
442
649
597
228
764
302
664
331
428
168
463
110
234
694
632
151
746
231
371
443
111
181
258
349
465
485
333
144
497
211
458
635
107
409
152
