4
100
295
365
519
677
223
780
251
121
538
563
296
579
366
451
586
719
592
113
760
796
146
172
390
558
177
205
790
134
689
416
693
397
162
684
504
696
243
486
435
267
114
397
204
523
132
264
318
510
749
350
729
249
200
563
356
741
779
551
302
653
569
676
222
185
768
362
485
202
578
122
300
142
675
253
223
308
546
407
636
125
210
745
399
776
712
458
585
314
583
666
680
149
188
489
566
507
646
297
571
266
