4
100
471
624
708
535
602
307
204
278
545
340
702
676
155
671
297
305
599
124
457
233
464
353
473
356
457
156
489
109
570
480
509
751
218
492
274
124
664
129
719
197
602
721
700
767
334
185
201
348
503
308
214
738
318
185
693
547
139
351
779
111
752
774
614
280
702
428
512
676
118
547
321
227
504
343
346
686
502
607
358
507
236
483
173
114
232
712
405
333
508
763
597
303
539
323
325
462
104
278
481
108
