4
100
158
449
719
295
191
377
328
657
307
104
402
746
689
699
579
113
267
684
430
611
191
337
571
267
466
561
432
654
269
536
421
418
551
439
749
200
490
145
433
710
445
201
682
296
167
169
745
376
694
659
244
553
115
617
280
194
717
405
509
200
196
149
599
734
557
361
461
535
372
636
649
606
531
629
145
370
351
499
612
312
176
138
319
586
641
666
154
501
709
502
699
281
797
719
182
208
463
761
314
622
