4
100
162
421
502
800
162
564
522
266
564
336
554
199
146
116
201
264
309
127
245
780
490
174
607
456
755
279
573
602
367
769
599
414
730
455
794
139
100
583
270
205
385
549
177
537
107
107
603
738
147
335
455
455
559
587
313
612
365
515
565
621
321
170
403
670
260
273
510
680
109
562
311
145
379
420
303
243
737
370
362
518
141
250
318
642
667
358
716
254
289
683
238
370
559
294
318
767
439
421
110
343
