4
100
795
498
304
240
753
312
573
472
610
648
716
279
664
135
678
388
526
157
561
365
494
742
325
198
289
136
367
666
781
159
178
362
271
522
673
619
766
323
388
783
415
430
274
679
133
420
239
452
590
609
784
568
772
745
603
607
235
284
670
323
114
242
786
177
117
312
514
652
593
367
281
332
573
730
560
475
188
525
519
636
464
400
359
786
482
528
313
793
326
171
528
789
700
242
416
299
617
417
289
359
