4
100
349
701
467
414
517
338
613
178
797
253
178
216
443
102
243
667
138
155
736
207
737
174
317
625
777
557
636
342
478
163
256
736
308
614
663
720
421
260
543
603
279
236
737
530
543
181
271
492
236
438
262
508
393
225
296
290
172
189
582
478
147
222
784
550
178
264
423
408
252
578
159
741
797
792
448
758
377
530
363
299
564
205
107
728
469
597
191
381
569
493
787
714
394
123
555
707
597
549
556
551
