4
100
436
610
232
539
482
117
144
772
748
108
787
678
604
585
794
721
458
548
409
739
492
367
666
301
281
132
637
655
690
276
472
525
332
272
395
505
619
305
588
619
473
328
544
156
321
676
698
482
664
770
729
322
112
789
145
326
613
719
433
103
233
275
389
333
130
403
724
148
496
748
445
301
170
104
406
193
637
545
742
695
387
510
569
119
667
688
669
196
185
260
739
297
518
326
326
255
464
502
628
543
