4
100
560
399
553
687
384
248
417
237
281
188
480
572
684
538
532
789
490
623
538
159
179
626
696
765
203
108
260
506
253
213
753
287
106
432
237
183
638
458
381
669
113
107
374
533
461
120
145
565
408
331
233
412
701
118
447
522
398
428
792
746
334
372
474
529
466
302
584
674
185
157
647
369
216
789
257
707
479
556
176
665
229
501
119
270
484
601
206
432
306
383
490
157
272
432
667
230
522
558
649
780
