4
100
648
691
291
513
459
145
541
592
707
217
158
319
365
702
498
396
516
676
170
664
636
524
171
102
671
632
784
529
472
263
764
648
116
104
189
793
397
796
693
134
694
218
264
370
509
780
133
481
492
752
622
772
127
503
675
776
502
489
362
148
248
131
765
423
761
367
521
647
388
765
263
193
703
329
218
350
338
576
790
476
212
374
512
640
514
774
477
227
673
202
544
233
202
342
617
119
415
272
696
446
