4
100
744
791
407
485
453
606
105
637
333
131
707
774
580
396
572
779
534
800
141
602
743
616
239
440
306
665
553
402
693
258
385
343
633
627
288
575
282
117
369
653
671
766
161
436
512
345
790
624
200
691
293
669
378
798
331
357
675
592
466
175
729
683
313
443
673
186
475
625
408
317
141
214
442
473
474
501
109
771
457
197
159
580
629
357
626
716
688
358
270
214
767
363
397
282
797
457
447
716
726
656
