4
100
123
700
753
459
130
496
690
742
568
403
285
676
576
418
295
663
747
387
523
456
113
629
754
572
316
636
453
379
150
747
754
553
779
493
303
116
623
623
397
653
234
403
485
184
336
688
145
540
735
168
545
188
119
199
468
548
226
693
218
577
379
396
100
628
608
137
474
191
741
649
585
699
372
567
368
114
404
204
327
294
564
600
191
522
595
641
543
319
224
662
422
332
709
617
709
593
245
531
674
353
