4
100
745
516
467
331
664
542
512
697
341
773
113
495
418
198
235
196
581
683
239
191
752
579
206
103
354
431
645
373
558
449
272
522
397
255
265
385
757
207
293
123
145
798
321
412
436
128
490
698
183
657
471
434
714
721
394
498
494
235
556
571
176
268
597
199
108
689
256
735
134
788
303
441
255
780
137
282
775
674
475
781
514
724
600
459
104
652
690
744
559
443
129
555
606
626
182
170
515
613
550
353
