4
100
645
293
252
471
707
784
432
758
351
515
516
742
564
252
358
730
126
365
287
309
660
412
278
122
643
278
713
290
799
107
509
430
570
394
322
541
355
161
330
663
427
206
283
714
728
227
434
499
130
316
547
599
789
538
471
632
746
675
202
483
735
154
105
324
637
243
624
793
334
121
759
556
717
132
221
346
681
308
366
173
594
463
392
206
340
468
724
439
330
705
267
525
602
582
137
485
782
737
566
197
