4
100
740
273
571
489
187
586
337
651
791
587
680
158
130
749
227
196
652
254
770
161
355
426
489
478
460
619
662
683
653
596
641
485
799
278
712
302
738
364
216
572
250
334
764
539
599
116
506
713
646
543
496
607
146
468
715
147
415
368
475
561
266
515
405
533
535
725
400
247
366
281
553
695
684
134
159
357
128
373
395
473
284
673
174
671
559
222
578
378
260
620
355
412
134
545
709
536
584
411
446
698
