4
100
484
731
300
270
607
213
371
475
317
280
651
469
105
380
736
638
609
218
153
161
481
553
174
700
733
668
188
456
151
225
556
310
689
583
745
332
433
698
431
664
750
195
777
483
293
523
287
643
410
668
644
172
195
760
101
675
140
242
373
379
350
422
382
280
333
191
697
649
369
327
426
519
254
265
610
145
312
648
766
144
493
447
521
100
336
562
719
153
514
596
496
662
347
701
139
634
401
102
614
543
