4
100
518
540
446
415
526
793
429
522
213
481
388
243
328
376
155
650
149
761
331
515
254
124
585
698
556
342
234
306
626
120
409
733
183
521
767
761
463
156
610
260
158
369
156
539
635
775
603
683
128
590
145
368
708
125
692
743
718
365
736
593
698
612
315
374
372
510
539
126
718
143
496
355
609
313
630
296
631
182
696
553
773
700
692
301
397
498
561
280
479
369
771
352
425
211
272
740
667
353
223
633
