4
100
161
703
224
626
209
447
799
363
288
410
484
648
184
749
263
501
426
799
770
693
495
228
240
778
726
361
349
504
162
774
309
702
212
271
252
141
755
131
587
273
637
532
120
334
439
649
675
335
520
326
656
725
630
531
713
121
408
467
469
227
743
485
324
410
420
246
636
170
638
576
370
370
599
585
139
450
277
570
497
712
562
185
425
580
771
291
186
539
547
779
150
742
524
666
506
498
368
475
432
733
