4
100
706
396
314
400
401
274
455
120
285
160
261
386
604
231
639
453
483
531
107
428
696
358
107
755
303
647
684
476
473
213
531
567
772
577
734
449
531
463
264
272
389
270
765
582
513
426
299
747
381
604
590
377
160
526
413
207
143
235
387
356
365
544
219
163
397
153
343
304
715
661
217
168
738
525
308
326
547
417
743
264
681
345
140
494
698
454
216
639
720
593
762
496
350
770
396
571
567
372
301
688
