4
100
432
611
261
360
594
352
533
533
788
613
199
357
114
108
360
605
153
620
617
240
204
266
352
283
404
256
186
142
119
610
105
427
714
254
567
336
789
102
277
113
704
698
452
187
264
738
137
483
794
676
122
605
371
190
715
199
452
735
396
189
758
562
250
688
646
422
173
482
648
336
146
194
691
743
295
719
587
324
416
431
701
304
384
275
693
520
732
627
537
572
601
422
310
445
778
678
161
611
592
470
