4
100
709
583
564
717
454
608
780
770
468
223
336
770
437
590
693
406
282
762
531
704
127
585
360
704
444
266
296
625
263
129
117
304
473
533
191
604
280
569
485
797
158
438
438
330
762
499
421
759
616
488
566
157
290
323
468
309
434
370
468
762
698
497
305
764
223
698
748
681
412
484
498
776
168
567
270
172
413
500
747
192
379
704
709
162
376
465
238
404
536
311
601
492
426
356
796
491
244
225
593
268
