4
100
244
238
515
619
785
207
208
106
494
443
188
376
624
206
616
116
607
720
668
266
121
364
342
699
637
555
336
589
125
589
705
342
560
368
386
212
179
498
410
481
629
459
274
422
279
459
100
239
317
655
164
372
515
547
602
286
771
662
585
231
727
191
479
380
261
419
673
137
154
624
581
424
133
444
626
543
586
334
192
111
254
783
655
471
405
314
185
679
766
662
630
660
547
213
567
354
331
237
432
415
