4
100
644
782
129
308
691
245
304
761
778
728
303
104
704
252
499
585
426
563
602
147
205
401
231
496
219
152
377
634
355
369
125
369
181
469
566
505
485
410
468
396
789
438
541
590
548
308
156
735
514
789
560
465
776
428
548
462
378
207
720
193
618
662
211
721
102
583
599
686
501
785
177
172
555
360
315
541
774
800
786
243
602
489
170
602
659
588
639
579
259
572
303
103
702
262
449
792
340
619
338
523
