4
100
474
644
385
715
149
533
653
289
475
483
288
292
401
369
415
733
302
683
304
156
725
701
763
219
604
342
681
613
552
785
768
483
729
367
451
710
284
461
562
775
474
319
585
690
250
499
290
313
434
161
138
234
351
146
458
734
252
615
102
219
408
281
180
139
371
703
255
263
522
260
333
449
281
204
210
475
711
373
406
751
271
702
466
406
570
787
245
448
377
335
659
101
317
496
412
313
737
447
609
446
