4
100
567
444
747
344
518
248
437
642
293
497
446
621
513
245
155
604
602
738
776
333
330
784
320
728
130
704
669
224
189
158
790
384
415
339
649
481
581
748
385
662
639
340
371
382
519
256
738
518
786
410
380
749
692
471
339
624
586
306
354
793
311
608
493
220
569
189
158
570
262
461
765
264
313
276
193
626
654
756
728
281
193
487
347
252
466
698
318
112
336
800
341
629
705
419
184
267
264
192
786
281
