4
100
786
553
228
378
784
458
292
320
727
791
379
481
555
555
719
740
320
509
481
658
334
639
453
537
784
603
298
558
120
361
183
790
634
271
485
676
186
658
264
794
237
167
128
595
728
589
356
511
757
651
604
743
113
497
484
219
304
734
321
637
137
254
682
166
592
535
678
641
764
312
645
215
277
227
103
206
483
652
781
197
219
387
719
330
158
434
454
261
323
246
275
400
577
450
446
520
594
142
215
645
