4
100
596
521
374
134
577
733
148
460
132
651
620
643
565
783
311
787
560
392
773
303
175
223
519
725
111
498
326
286
449
490
316
595
268
374
709
155
244
448
655
689
509
533
736
314
798
243
749
213
763
140
458
261
468
251
524
443
355
168
111
335
686
726
266
170
460
242
471
669
707
751
273
253
252
392
393
134
761
691
502
469
753
704
674
198
298
440
221
559
281
265
194
369
445
471
462
586
406
323
469
647
