4
100
307
700
503
553
411
775
701
274
475
268
530
427
571
590
713
111
294
370
498
754
657
291
685
519
556
380
533
799
414
286
442
267
400
428
600
322
215
513
522
193
466
345
148
628
704
789
425
752
442
721
563
707
348
458
360
262
112
449
615
398
689
150
197
165
411
576
310
728
389
720
518
467
272
454
545
769
490
102
163
789
475
190
646
783
551
666
790
721
500
297
128
474
407
453
208
171
275
641
444
741
