4
100
323
305
278
203
675
583
529
584
518
374
565
318
565
563
581
792
549
768
368
404
769
314
591
527
301
785
746
441
300
341
789
145
458
125
140
549
549
330
367
321
749
649
332
640
725
197
629
294
304
416
485
771
314
438
439
320
101
342
300
789
123
376
773
626
517
350
365
681
536
617
165
352
275
415
401
230
457
595
665
708
300
216
319
762
464
323
478
419
563
190
562
590
359
747
625
279
433
476
361
272
