4
100
774
172
701
447
491
362
176
658
617
687
770
650
408
793
788
466
124
120
551
413
644
454
349
192
455
246
669
313
524
316
500
178
239
621
711
543
525
706
611
554
133
327
273
559
518
253
242
192
366
431
714
138
124
442
188
562
389
123
602
424
467
364
730
469
627
580
266
778
312
563
582
614
731
403
750
526
627
588
750
440
621
174
652
715
728
742
669
581
144
709
687
254
727
335
666
415
121
596
527
475
