4
100
151
322
139
710
115
600
374
476
280
498
383
113
448
125
584
340
264
766
671
534
585
771
727
325
115
744
392
653
631
477
330
103
466
283
347
520
787
389
505
189
124
513
296
502
301
309
800
189
619
694
712
233
624
442
248
553
253
664
326
365
150
348
520
120
757
492
685
114
177
692
670
675
628
125
191
418
346
794
290
291
390
444
762
779
400
376
559
689
143
104
473
315
530
619
388
575
607
796
212
215
