4
100
465
228
166
173
470
678
390
554
543
492
326
686
501
436
522
197
451
403
637
673
235
391
728
414
445
244
601
573
111
283
738
268
178
702
608
266
138
435
640
544
454
416
184
124
249
694
535
590
775
534
442
663
651
792
184
772
388
156
229
787
775
686
760
726
745
189
679
245
323
215
293
401
239
191
661
680
323
150
329
416
168
128
632
374
676
439
673
308
173
720
181
202
505
559
440
278
699
289
489
482
