4
100
176
113
297
768
277
338
316
203
161
691
119
489
394
393
683
663
761
312
151
556
755
781
369
109
249
298
279
258
339
705
712
487
153
626
226
777
153
300
256
203
696
275
602
636
777
281
714
786
448
381
449
250
611
191
300
224
179
383
399
180
430
153
397
333
410
476
218
776
235
522
294
788
355
559
560
427
298
128
343
184
382
586
512
121
113
135
208
584
252
215
750
284
152
184
612
166
180
561
381
436
