4
100
444
478
427
735
532
334
674
721
665
540
520
667
447
399
698
343
267
367
584
785
212
400
358
629
563
576
523
327
357
497
220
231
336
260
601
252
460
207
686
398
397
145
392
784
196
151
240
418
426
136
534
364
392
305
709
775
729
368
271
202
569
349
598
690
484
153
615
424
700
719
354
580
193
437
482
423
154
153
606
303
632
642
553
609
150
248
422
209
400
420
117
661
606
201
453
793
470
706
228
573
