4
100
588
780
122
550
182
597
146
120
607
680
196
648
673
620
143
283
715
327
297
765
111
483
763
252
581
359
263
337
539
720
753
630
149
593
291
520
239
518
800
411
690
374
592
334
401
171
375
131
241
330
335
518
558
727
185
118
270
618
102
378
341
136
424
144
414
572
136
236
533
609
421
472
233
458
690
384
612
553
389
105
264
422
277
729
506
538
381
643
264
139
224
444
242
133
634
322
265
564
116
422
