4
100
300
356
521
739
535
454
100
455
593
734
178
453
781
495
793
484
141
730
420
789
447
536
403
706
568
726
455
266
112
590
640
546
445
456
728
704
279
201
423
797
543
761
470
559
322
193
431
470
679
435
146
182
241
218
656
642
772
777
411
767
309
511
749
609
485
341
351
495
720
131
372
332
284
185
643
497
545
123
249
792
381
725
394
289
175
357
416
133
385
675
302
233
278
587
567
320
356
209
200
484
