4
100
293
438
624
614
181
719
122
569
232
296
279
110
356
355
381
538
548
433
463
218
501
266
659
721
101
416
730
527
796
263
472
121
129
388
293
245
469
212
571
338
390
726
478
647
246
384
492
311
213
283
170
524
603
406
308
170
256
245
368
735
712
306
280
190
746
275
328
356
193
170
500
437
436
266
720
531
169
490
550
418
451
694
473
620
108
407
545
134
440
158
628
651
276
173
790
429
326
646
487
267
