4
100
721
525
281
311
700
159
743
311
232
347
498
263
794
382
308
558
211
702
310
651
508
353
598
129
520
251
578
644
587
293
598
322
420
164
248
253
646
304
351
650
320
263
203
683
224
718
616
594
729
776
111
478
535
344
408
651
499
583
175
777
616
324
157
587
689
372
786
760
475
277
653
484
699
184
770
798
747
755
594
392
732
466
537
706
237
786
442
678
736
318
337
791
478
329
669
275
761
645
603
101
