4
100
184
544
616
754
467
206
282
378
300
560
532
770
777
651
774
772
159
304
176
648
155
224
173
165
451
164
142
360
435
783
260
571
386
756
333
548
744
387
199
644
149
473
312
769
661
655
391
230
549
742
355
546
561
106
723
722
567
766
398
421
571
118
217
498
508
680
388
204
212
371
183
183
252
498
633
722
156
598
366
193
300
464
751
666
475
241
695
387
729
702
723
448
285
193
236
414
136
162
540
444
