4
100
114
493
332
292
357
284
268
630
484
167
708
622
258
365
327
600
481
795
116
271
329
647
451
475
472
228
449
225
766
191
301
215
219
227
278
210
638
742
604
101
637
504
115
446
337
769
692
379
634
477
657
594
531
725
260
211
269
318
333
107
409
591
416
129
402
606
565
682
133
227
528
282
237
572
504
304
490
426
672
785
479
552
191
607
441
456
588
668
181
238
203
209
268
517
727
332
595
427
601
678
