4
100
488
129
199
511
592
759
557
574
671
594
317
179
475
599
123
764
285
149
500
624
708
448
682
525
539
425
417
390
405
516
550
357
286
302
272
617
703
543
155
724
584
468
455
483
210
150
288
308
133
262
492
361
262
589
348
560
536
132
795
766
364
186
797
445
342
579
210
603
647
302
705
297
300
407
573
322
113
777
206
770
205
577
753
164
492
277
145
378
655
353
505
512
282
153
325
760
590
456
121
141
