4
100
383
578
204
299
769
555
545
738
155
470
450
139
561
786
680
304
490
610
447
651
672
774
108
688
178
776
509
543
420
106
418
275
209
450
434
767
101
352
759
572
619
573
558
667
634
508
288
248
143
387
703
429
408
148
628
393
768
589
524
734
538
481
609
663
374
180
567
299
313
492
123
328
793
320
508
439
343
796
476
733
454
469
214
509
114
488
529
732
335
143
787
356
435
294
558
549
112
665
712
669
