6
100
401
125
478
453
711
745
454
799
426
218
752
423
175
378
120
145
694
642
352
763
686
210
382
432
471
446
374
635
200
415
370
412
348
314
524
572
277
169
103
381
487
106
169
722
123
103
134
427
275
613
789
498
441
557
505
781
772
404
721
334
285
519
390
763
160
380
416
630
205
786
553
539
398
621
686
701
503
108
188
766
565
735
251
532
175
443
784
140
715
211
295
425
769
298
155
656
123
169
614
647
