6
100
779
214
403
448
356
462
789
284
152
539
234
292
363
776
591
395
216
207
601
731
390
516
156
791
706
360
529
129
792
370
574
652
229
619
109
671
270
378
671
349
122
132
141
304
427
286
158
398
591
731
387
797
512
596
685
405
365
272
619
381
574
112
583
119
549
698
267
410
408
495
122
481
769
675
179
101
611
310
460
473
225
151
157
390
125
275
487
272
142
707
718
779
793
116
680
194
619
298
639
388
