6
100
320
213
156
367
797
476
768
110
506
504
586
422
448
320
287
538
511
475
366
248
318
220
309
259
240
759
753
632
493
266
210
790
398
291
383
404
633
428
431
460
739
164
535
286
321
205
721
371
412
474
570
444
114
379
491
540
418
670
385
132
493
557
564
249
455
609
765
152
110
229
723
502
670
201
228
392
344
514
760
164
608
460
282
187
745
310
131
523
262
357
166
762
786
144
402
731
424
665
711
683
