6
100
652
672
367
221
116
618
784
480
593
505
145
604
176
671
281
570
728
647
542
101
670
482
122
780
555
141
570
628
405
480
767
776
728
190
477
391
211
626
587
193
591
300
698
539
492
758
415
383
644
729
100
613
175
244
397
563
781
743
541
295
561
435
336
268
644
360
211
463
774
105
749
402
677
707
289
732
209
716
411
785
369
159
387
513
290
453
211
502
710
303
305
758
611
183
698
360
336
677
379
109
