6
100
591
137
800
510
268
782
714
310
318
354
200
411
312
362
385
103
668
467
228
275
521
682
432
792
665
249
516
162
365
184
272
273
658
404
702
100
109
520
208
793
569
114
789
435
471
591
378
183
244
193
789
778
163
406
407
624
503
632
376
357
448
731
453
581
689
251
635
471
586
630
164
768
416
556
211
632
286
628
423
286
627
474
561
321
758
251
196
484
432
217
701
737
153
482
389
397
268
227
360
243
