6
100
282
225
251
214
687
242
184
634
343
800
109
446
217
618
403
490
285
689
239
311
202
166
795
451
141
147
227
703
416
615
733
650
567
361
370
377
733
592
474
659
390
292
626
513
773
182
113
544
463
536
262
151
257
578
634
515
511
164
311
755
754
222
750
571
182
581
411
249
429
765
765
153
101
269
566
381
700
408
116
600
112
741
788
761
279
563
529
585
335
588
749
619
429
590
764
678
112
733
134
552
