6
100
561
350
671
250
365
618
304
215
546
718
343
653
551
433
787
731
465
422
400
524
458
397
793
676
398
269
170
128
347
775
574
340
525
771
570
570
754
310
745
333
774
392
249
646
736
781
532
529
470
106
144
696
326
340
220
418
790
238
329
152
178
171
107
159
205
118
362
688
522
641
150
230
438
531
337
268
109
239
319
374
509
567
536
503
766
142
243
651
586
771
374
691
740
353
263
387
235
691
155
275
