6
100
583
489
333
321
179
395
503
317
245
207
512
735
638
575
551
167
365
490
188
479
532
359
350
162
454
351
573
474
253
321
635
549
122
609
260
381
469
211
400
491
130
735
485
354
368
712
754
519
635
607
563
688
114
283
361
781
142
156
349
771
494
416
703
692
757
421
583
131
466
380
115
685
130
392
442
193
315
376
451
458
215
164
687
422
597
483
421
731
612
591
515
772
393
310
145
784
318
124
711
642
