6
100
111
627
252
265
541
122
289
563
699
173
137
487
591
279
644
171
208
688
409
175
368
567
576
444
231
551
679
141
594
571
274
467
355
645
747
637
161
459
287
346
619
509
248
305
689
628
474
151
456
785
404
734
567
656
354
272
452
772
171
499
211
346
161
364
589
170
795
424
309
787
486
401
598
138
551
420
773
492
533
321
309
137
707
543
386
659
564
383
700
384
262
639
658
611
156
112
746
800
505
699
