6
100
636
674
148
471
246
748
592
117
651
276
651
679
424
257
175
375
400
512
448
126
311
655
565
414
511
546
290
413
363
214
285
107
310
651
415
476
615
590
323
349
274
451
194
448
318
166
275
596
274
678
587
603
405
709
800
626
632
716
288
306
325
709
464
180
368
354
278
466
505
642
300
721
351
138
674
382
593
510
648
175
148
317
377
199
512
195
108
288
474
495
227
550
108
512
795
672
743
681
548
111
