6
100
539
251
234
428
601
580
683
555
179
740
186
172
117
526
101
680
112
362
604
717
439
344
746
201
337
170
779
339
783
634
468
311
426
399
362
434
113
649
457
595
575
109
417
263
294
747
687
779
552
343
266
107
138
643
268
381
751
274
646
210
656
453
597
465
437
351
549
438
507
350
106
483
201
558
384
621
548
212
213
731
205
754
217
206
685
672
772
596
537
330
127
710
223
665
422
308
155
657
554
463
