6
100
504
796
430
305
624
498
621
622
689
234
392
336
431
327
224
683
739
435
485
424
119
350
439
234
446
274
227
259
272
565
222
655
225
259
553
196
173
674
115
666
766
776
652
209
252
432
500
179
577
337
429
238
339
704
540
651
544
141
147
540
712
304
635
527
777
212
784
639
347
554
674
497
255
454
171
377
769
729
378
344
686
302
360
264
800
510
357
691
546
470
257
425
413
332
355
553
339
501
181
253
