6
100
393
164
315
375
539
378
698
531
539
549
547
780
581
335
225
601
517
398
601
765
535
392
648
713
600
645
128
325
768
502
351
452
282
351
193
124
341
323
712
243
735
561
119
440
167
269
139
308
249
443
640
119
559
459
731
306
192
452
751
425
173
364
216
392
453
568
158
490
570
563
717
159
495
651
330
460
252
285
684
399
405
793
644
451
627
570
159
639
542
262
140
195
745
407
417
201
490
661
668
793
