6
100
599
773
769
233
467
335
553
745
216
215
204
585
284
717
261
106
712
534
478
619
759
711
574
733
795
354
467
560
167
239
677
512
145
280
104
250
735
678
291
628
470
446
740
197
584
306
728
301
246
165
580
529
386
260
330
651
678
383
644
637
212
680
429
133
439
522
211
232
581
358
792
500
228
235
674
393
708
596
670
142
320
455
281
414
260
646
552
747
208
244
799
257
400
167
413
637
363
646
147
202
