6
100
140
322
416
622
423
423
243
227
329
520
689
362
584
754
671
644
628
219
145
372
161
742
690
286
156
317
653
304
556
742
290
231
232
711
764
649
639
286
524
474
520
654
265
292
607
538
354
276
783
506
534
361
228
439
505
617
534
681
679
374
597
561
309
343
784
595
697
694
277
655
164
719
191
421
418
772
561
703
475
173
314
738
564
203
210
565
609
256
358
776
285
479
711
333
645
382
329
172
324
427
