6
100
459
594
121
651
105
668
238
160
769
580
568
545
569
591
374
381
672
221
442
682
534
622
157
357
315
127
363
252
678
477
784
356
645
614
435
690
550
456
305
263
252
650
602
419
326
387
289
633
631
308
289
107
452
677
563
232
220
421
161
216
600
564
262
601
359
118
368
647
713
564
288
792
737
691
193
392
660
726
148
527
436
330
510
689
581
274
414
544
393
785
624
466
542
767
266
149
239
706
729
194
