6
100
315
582
441
591
744
534
547
566
111
520
189
207
760
741
216
336
614
630
265
515
682
186
386
456
118
767
752
211
566
461
137
529
172
140
170
590
387
582
665
120
322
466
725
281
397
148
723
519
559
713
257
511
770
389
478
174
276
255
295
549
552
311
457
659
715
623
103
151
115
551
497
708
411
247
529
624
103
227
797
777
455
418
158
257
385
786
165
586
632
729
563
290
399
754
574
174
474
125
349
349
