6
100
402
397
416
652
252
482
730
281
521
278
412
695
379
389
501
742
165
718
627
707
124
747
285
564
729
685
300
515
365
685
246
300
204
252
260
786
145
611
213
121
532
252
471
580
539
461
722
163
249
515
381
497
789
754
572
181
445
231
677
233
762
135
672
597
204
392
128
325
600
633
192
748
461
646
143
400
368
301
416
639
147
345
214
228
405
578
184
596
746
297
371
774
270
326
450
207
335
312
128
341
