6
100
184
312
784
611
691
321
547
721
228
176
153
365
478
656
108
696
477
662
251
663
268
290
334
177
509
585
777
649
170
652
798
792
700
567
217
313
566
244
737
278
474
585
395
139
359
601
798
549
755
317
520
749
130
337
589
327
114
200
336
458
381
396
428
408
723
373
473
526
487
201
296
502
298
330
699
603
447
106
184
285
157
672
265
480
533
343
443
454
667
652
361
444
240
674
736
269
188
627
260
220
