6
100
572
547
261
403
508
662
326
567
523
674
293
127
128
166
760
665
582
488
529
736
303
295
167
614
266
385
129
198
468
289
470
601
768
645
716
305
507
146
626
604
400
370
418
711
403
269
476
745
553
649
529
689
587
414
402
233
435
696
251
179
187
744
267
528
234
306
551
140
183
774
473
774
757
205
301
795
251
425
205
261
285
297
138
586
515
374
589
171
525
718
711
722
498
301
131
428
655
780
225
629
