6
100
648
107
463
700
761
321
441
482
341
780
246
501
753
407
348
619
710
484
450
189
440
543
598
348
430
744
355
173
341
222
258
721
202
512
651
132
374
745
682
128
296
722
289
762
202
665
255
257
210
436
334
622
291
340
355
132
412
696
107
693
152
184
791
674
596
673
345
521
797
315
157
142
726
119
742
670
183
205
389
793
693
417
304
271
569
432
102
119
660
726
499
171
461
227
553
310
713
437
706
486
