6
100
791
795
661
330
502
296
117
548
755
499
306
565
530
473
562
145
228
637
371
692
234
755
483
533
358
214
682
181
155
570
546
772
116
570
375
570
233
452
198
763
146
120
350
212
155
290
126
200
316
313
115
230
406
377
501
321
767
375
243
662
520
359
631
753
162
462
614
113
129
290
707
567
241
609
770
307
717
277
759
727
566
381
263
133
359
130
302
235
269
626
410
200
386
417
789
692
511
317
435
381
