6
100
450
272
209
387
368
244
591
630
562
571
555
176
277
239
389
140
765
611
245
628
702
275
204
573
181
569
497
546
683
777
514
144
309
504
786
450
410
123
232
365
469
703
599
126
174
599
558
788
256
633
487
381
711
340
426
755
588
691
308
584
757
691
359
453
554
453
282
423
196
248
713
562
571
426
642
256
410
115
631
501
626
296
580
756
431
749
492
183
631
678
698
461
789
210
161
364
770
668
560
329
