6
100
779
460
328
789
391
693
497
662
513
580
247
545
136
564
400
644
438
137
422
332
192
393
576
785
467
447
755
791
388
340
187
440
783
606
111
780
299
623
336
155
796
637
166
522
305
461
209
623
184
445
154
560
528
531
229
222
658
166
725
702
493
513
305
277
693
513
785
374
170
141
182
504
791
329
653
371
331
258
490
762
328
439
308
402
793
356
295
700
704
494
442
145
774
334
250
109
791
729
708
296
