6
100
356
264
220
219
402
671
344
190
337
799
335
672
503
546
541
492
610
296
553
741
584
491
491
229
181
680
354
229
184
138
252
282
261
776
108
484
517
399
242
449
404
167
720
543
619
313
188
495
265
241
478
284
500
201
180
501
648
338
308
782
794
613
318
519
352
204
623
449
306
579
363
214
729
340
269
293
569
757
787
621
425
252
382
764
584
286
322
289
638
198
531
700
679
636
514
540
563
146
470
486
