6
100
560
242
626
789
342
116
718
143
756
111
701
464
562
660
722
476
478
535
305
774
513
624
334
680
290
175
301
184
237
228
641
652
152
201
333
109
751
275
285
606
475
435
584
351
192
397
726
723
363
404
722
154
477
102
278
800
776
390
251
660
640
535
773
602
665
379
260
344
692
612
196
213
133
414
277
282
565
184
751
382
785
239
713
286
466
383
796
775
467
357
415
665
527
466
104
326
630
272
518
466
