6
100
623
420
390
600
795
493
684
455
597
364
613
115
643
512
185
127
393
675
230
673
397
122
177
529
510
210
211
411
385
795
102
177
142
337
311
415
507
376
467
708
332
375
122
160
587
446
386
222
123
748
122
664
722
360
737
642
405
533
624
634
232
407
305
352
767
615
727
325
113
754
342
159
545
533
767
479
583
398
706
133
576
228
563
584
732
314
217
664
744
400
475
617
274
311
507
706
330
751
345
700
