6
100
370
413
429
252
251
404
332
391
468
133
181
408
493
702
217
153
473
490
440
195
494
159
313
610
725
120
747
638
334
285
647
625
784
689
653
626
193
190
735
601
485
242
776
767
699
441
627
738
286
554
338
234
478
610
561
673
221
479
327
621
704
320
609
539
243
502
340
686
552
304
329
610
582
287
334
204
341
646
518
250
689
428
279
320
494
436
756
370
289
698
504
394
478
218
457
268
433
400
650
454
