6
100
729
270
517
666
132
548
189
308
496
356
341
597
382
726
728
727
493
467
759
243
486
123
246
277
170
495
340
751
165
633
426
569
654
215
113
779
289
697
683
202
193
330
420
353
423
565
620
720
110
723
563
522
583
541
374
655
251
103
553
195
182
634
272
787
736
568
765
703
484
206
473
282
205
235
181
541
749
426
622
555
377
608
250
623
685
416
203
706
791
617
327
431
100
404
283
682
558
474
128
461
