6
100
667
559
210
786
251
332
587
735
137
251
168
645
413
274
525
575
603
647
264
370
159
424
158
378
535
374
754
233
419
445
145
619
257
219
333
301
645
231
454
342
189
672
683
783
561
255
716
307
499
175
520
277
516
521
569
542
755
380
145
327
434
211
718
692
269
190
398
168
160
137
473
369
559
314
203
576
514
293
209
201
785
113
421
721
137
199
311
787
207
759
698
614
747
658
123
238
637
670
514
758
