6
100
119
452
177
540
621
328
782
298
299
401
616
120
240
433
431
415
310
344
513
199
347
135
203
611
133
685
411
195
230
522
690
161
200
478
691
723
500
107
395
405
341
588
517
436
642
790
282
200
133
529
288
582
764
490
628
471
654
222
595
451
548
516
667
359
627
345
457
524
299
300
346
373
274
577
484
725
597
557
674
641
270
653
422
769
543
130
570
553
683
712
199
516
212
544
713
522
632
250
284
314
