6
100
304
751
394
224
733
566
629
659
392
283
666
356
653
212
321
432
670
304
489
179
153
249
736
762
208
455
589
672
149
389
283
467
800
608
299
682
250
751
359
610
309
515
716
771
515
105
797
643
729
156
144
772
402
431
213
161
119
795
753
131
516
260
563
654
668
418
520
365
161
629
485
250
635
399
584
505
493
529
557
373
303
236
696
252
661
756
140
486
230
710
265
321
264
760
532
546
195
729
115
698
