6
100
522
320
320
346
670
549
593
327
604
592
408
525
558
662
571
490
174
658
730
450
562
263
477
794
249
620
631
334
391
576
492
343
369
108
168
360
553
426
284
483
346
736
459
324
603
797
759
251
618
141
531
693
196
274
204
228
494
746
474
146
135
300
248
786
607
298
387
137
622
620
601
338
464
630
733
330
205
335
111
593
195
299
582
359
334
350
613
598
205
546
769
176
104
226
274
595
120
737
736
399
