6
100
705
322
767
447
245
787
191
599
490
235
770
157
204
489
592
522
493
555
572
220
561
236
649
701
659
398
371
390
301
618
347
129
155
511
377
388
612
526
557
745
523
120
460
252
325
308
587
775
427
784
501
691
476
718
630
689
204
435
744
624
444
460
714
752
117
741
741
343
409
747
355
668
702
446
405
455
298
746
304
634
314
626
364
135
139
728
798
289
387
134
202
275
406
317
509
466
175
156
217
334
