6
100
570
252
646
749
573
659
457
503
428
419
579
703
403
343
727
676
109
424
264
799
209
286
360
232
117
511
720
432
762
630
687
433
527
103
526
712
477
167
774
225
638
255
373
617
673
197
573
103
722
498
613
140
315
675
574
352
274
594
209
646
569
558
750
698
465
186
585
312
243
260
212
660
287
547
373
786
352
599
356
599
407
727
672
530
252
347
314
670
713
707
485
777
102
782
103
466
669
348
582
272
