6
100
146
566
652
170
668
569
319
214
772
426
415
396
387
571
384
155
191
588
117
382
707
533
186
632
160
337
146
708
236
775
516
325
783
416
731
345
309
447
773
686
157
571
179
509
433
679
718
681
335
602
142
105
738
730
123
643
665
714
352
284
226
438
522
524
242
468
379
586
627
574
657
242
363
529
679
694
439
384
334
734
670
215
141
783
187
748
770
800
206
653
647
470
669
322
739
261
561
218
406
566
