6
100
324
676
322
283
678
719
556
770
732
394
791
359
557
410
343
271
392
267
762
627
265
800
282
289
484
605
356
370
202
340
457
221
362
195
759
590
514
342
789
659
704
158
361
155
745
422
682
235
358
792
721
350
189
248
778
176
200
523
602
329
338
595
504
448
677
461
531
260
333
190
525
112
760
543
347
282
112
269
288
469
393
585
247
148
764
719
482
513
143
635
442
280
672
433
574
781
152
620
100
717
