6
100
768
556
370
197
591
438
745
586
662
191
359
393
563
588
442
699
255
565
729
772
219
297
731
538
374
250
501
413
566
399
156
614
539
329
286
642
779
208
428
350
724
537
528
474
663
669
464
543
298
313
456
467
291
504
244
200
480
552
539
272
365
766
459
402
486
452
729
382
456
288
761
441
683
669
112
380
760
232
112
281
132
159
766
695
345
242
637
200
449
738
398
143
305
188
268
445
543
421
407
489
