6
100
261
401
427
723
599
735
468
452
628
376
434
565
436
685
487
438
190
673
138
713
462
252
394
332
611
159
494
755
156
650
406
539
322
379
715
600
148
343
571
555
485
308
726
122
463
303
428
720
431
200
113
214
175
156
750
465
113
541
575
333
559
633
394
766
463
293
667
257
535
416
156
286
230
751
360
427
523
699
316
636
542
288
684
206
693
623
292
413
347
307
578
320
611
439
384
463
267
691
745
415
