6
100
450
176
611
770
583
233
647
217
249
381
138
712
641
761
110
444
574
244
484
220
126
215
657
318
259
112
255
325
505
154
768
547
337
739
346
797
714
614
687
753
189
129
785
497
313
459
665
525
694
197
386
532
540
535
619
472
380
107
602
398
452
517
472
468
674
131
268
435
781
659
511
705
649
595
158
775
782
746
333
642
180
127
531
291
684
441
596
755
288
216
780
449
638
339
569
787
693
649
487
759
