6
100
213
287
503
248
315
761
411
206
163
121
195
430
237
643
778
124
511
523
605
310
418
282
262
508
392
236
245
497
787
245
318
154
264
337
442
163
668
103
481
102
159
379
781
202
538
183
123
485
734
147
158
773
270
513
204
174
113
706
633
249
185
480
119
638
554
548
774
477
704
573
147
683
378
146
210
115
594
636
406
310
636
206
684
592
122
219
498
361
550
608
796
152
706
325
562
773
666
766
558
509
