6
100
359
115
741
190
452
289
443
587
220
387
716
351
759
147
282
373
496
298
509
630
595
378
725
199
711
232
731
248
540
293
679
189
134
623
425
322
395
137
462
439
238
208
222
712
236
735
756
657
140
586
589
366
764
336
149
521
457
253
777
477
148
577
396
727
155
565
576
631
686
519
458
535
398
479
660
553
747
503
358
227
698
408
138
464
723
401
131
748
664
472
409
724
580
667
172
561
357
141
603
787
