6
100
179
138
647
366
756
201
153
135
455
756
411
785
723
483
514
697
505
663
170
613
768
717
459
673
787
234
553
423
217
473
227
404
633
426
442
409
245
779
591
723
697
322
136
730
726
263
409
502
509
286
293
460
580
412
476
508
220
212
181
745
228
315
372
249
257
574
131
243
539
518
215
425
268
674
484
383
378
568
306
479
176
394
540
109
463
770
785
345
526
549
312
435
206
431
574
100
739
429
175
589
