6
100
552
567
497
385
771
120
683
667
379
107
257
711
629
493
773
622
196
565
209
733
576
260
198
216
445
263
130
770
710
178
536
673
616
381
336
230
350
536
574
377
298
402
623
768
492
800
161
133
228
564
628
324
654
667
556
714
542
111
172
488
627
412
580
406
424
440
312
536
123
544
464
266
556
553
192
590
534
748
100
267
670
207
190
562
369
238
793
350
595
265
171
508
514
211
705
772
609
241
537
273
