6
100
500
394
428
781
242
257
237
527
151
455
744
791
495
404
235
271
659
764
282
428
167
378
193
406
575
405
742
554
532
209
372
505
128
442
679
242
511
684
164
634
173
770
764
639
525
189
553
299
434
460
626
401
742
673
252
204
559
217
605
259
729
282
266
490
472
624
705
557
501
721
733
391
717
392
235
205
172
598
576
684
715
213
273
536
305
677
657
539
508
311
500
745
160
726
622
667
412
786
263
343
