6
100
231
608
691
606
147
123
327
324
391
669
628
784
701
456
703
328
136
412
612
744
736
254
548
622
116
337
190
794
382
177
334
139
379
651
497
681
745
766
195
233
721
212
402
648
750
687
275
119
337
387
361
376
298
589
377
735
271
493
666
743
614
650
319
182
265
256
392
664
393
228
276
380
509
154
556
249
359
312
437
418
593
372
254
452
104
367
649
397
552
446
524
615
547
791
773
392
523
320
486
225
