6
100
278
355
736
167
631
118
552
772
235
732
613
666
496
296
351
721
592
794
173
286
772
300
290
700
216
792
421
573
683
713
371
352
522
329
793
759
773
246
606
692
224
113
212
221
463
293
669
246
585
210
242
230
494
375
243
312
164
385
527
796
484
594
776
404
773
461
550
322
672
579
221
703
115
667
678
155
169
544
399
305
551
583
416
733
115
227
337
378
332
196
153
533
518
651
123
301
262
248
117
631
