6
100
563
628
379
196
512
219
662
248
629
625
157
499
341
275
119
558
508
315
651
682
757
682
588
731
502
549
355
703
138
350
791
751
308
481
756
661
641
168
510
219
774
723
371
446
140
556
240
104
743
187
708
792
288
411
134
292
209
646
306
122
558
260
361
636
666
772
696
508
696
514
746
603
552
693
438
306
375
407
425
333
507
244
383
119
238
459
298
279
218
715
517
342
153
715
576
162
170
295
309
109
