6
100
537
790
172
509
319
485
632
665
331
589
781
419
642
412
624
327
680
485
714
702
603
556
454
396
740
559
783
672
504
368
723
127
291
418
411
314
743
404
110
320
788
253
782
631
765
575
640
165
106
482
287
489
115
493
314
396
599
703
483
474
189
531
477
137
338
745
134
440
378
761
554
758
471
314
470
555
521
611
510
616
670
749
625
257
558
617
493
314
176
467
800
702
176
665
490
247
261
214
502
207
