6
100
688
304
330
429
785
522
429
154
312
392
729
397
538
536
112
173
600
253
725
621
279
422
674
284
137
273
211
373
439
637
390
401
238
368
490
295
148
643
527
580
385
332
427
642
383
655
786
666
688
192
296
240
121
595
353
649
127
551
735
330
187
438
352
312
410
144
288
723
103
566
692
277
713
385
666
141
542
713
416
262
139
117
786
782
172
318
155
123
164
164
628
252
213
277
377
212
787
179
183
333
