6
100
345
559
484
716
479
468
698
426
472
498
761
657
797
146
118
136
762
307
343
327
581
560
629
706
109
153
481
530
570
546
463
775
133
434
333
639
198
749
142
532
624
726
120
340
752
463
725
656
596
134
775
692
111
794
653
566
737
446
787
265
109
797
304
176
258
175
762
401
574
634
246
240
747
519
261
657
384
522
178
607
208
100
263
557
616
381
688
565
426
226
703
643
694
188
798
595
304
329
126
725
