6
100
294
575
496
145
641
781
515
456
182
211
533
750
534
540
472
430
374
350
429
476
662
479
731
474
232
448
765
732
658
652
783
360
797
541
382
439
603
464
658
350
227
194
235
589
676
427
572
150
459
253
238
389
104
408
574
657
552
393
315
412
316
678
202
108
536
169
754
151
385
162
228
739
367
765
450
466
183
292
212
719
274
444
763
431
735
451
249
117
409
500
259
490
357
430
618
541
497
708
671
704
