6
100
153
279
734
679
203
708
688
780
187
771
634
710
567
697
633
154
578
202
178
506
640
343
348
494
755
635
539
401
470
553
267
146
423
506
449
346
555
185
659
753
609
586
753
260
790
606
580
596
512
121
555
378
116
433
320
552
658
692
370
202
378
793
359
238
444
253
377
253
365
762
309
464
590
496
762
318
366
525
670
782
691
184
673
500
419
320
376
535
263
416
671
171
658
791
650
610
500
769
276
421
