6
100
766
241
535
296
264
455
433
554
504
374
332
663
240
452
315
234
334
423
526
112
745
625
689
288
499
702
522
780
629
571
309
601
292
179
261
389
765
119
742
324
507
331
573
308
202
376
414
329
282
585
719
296
711
580
562
752
257
776
148
255
135
548
686
647
120
790
247
581
443
327
295
437
356
221
487
407
375
543
659
158
498
117
174
765
697
653
259
519
180
532
203
723
345
692
739
441
183
169
601
544
