6
100
378
335
303
489
140
519
111
160
514
713
668
148
650
176
740
523
736
666
702
726
738
407
317
636
711
146
192
404
600
272
606
462
202
213
515
311
708
114
230
280
122
582
779
665
753
507
625
337
782
668
281
428
702
499
786
495
138
644
254
453
443
773
417
587
453
388
716
336
140
490
288
760
228
532
120
165
581
440
477
428
170
713
607
169
724
594
722
725
733
621
652
372
151
450
775
650
364
353
317
237
