6
100
606
522
102
180
472
784
624
484
438
526
547
636
394
300
366
425
663
760
267
559
216
305
188
398
669
614
744
767
643
434
130
636
113
759
313
289
726
377
770
458
683
695
127
228
317
233
766
730
131
502
296
599
416
150
718
709
340
489
243
686
722
686
710
493
664
144
451
791
680
349
660
673
378
588
713
480
535
154
675
582
434
718
483
341
282
472
697
747
305
361
629
226
713
676
151
433
440
627
276
304
