6
100
484
402
702
641
187
614
171
701
582
682
584
579
575
602
605
650
131
697
704
776
764
147
585
310
601
587
292
390
128
774
791
793
409
545
516
473
770
734
512
375
173
471
628
116
159
259
101
451
259
320
415
304
592
515
622
284
430
449
553
766
439
441
696
152
198
572
151
317
792
610
359
303
574
106
607
721
216
774
707
600
217
626
351
732
703
211
745
173
686
607
103
643
314
187
541
572
485
681
417
544
