6
100
266
194
404
101
508
751
663
714
283
261
203
353
455
552
587
508
449
765
234
183
147
777
258
109
551
599
668
127
426
651
247
255
121
109
111
515
658
331
436
251
195
751
159
415
478
553
366
422
151
527
139
792
150
182
291
356
170
653
266
650
208
766
124
663
179
292
592
185
411
575
493
515
206
418
653
439
790
568
281
104
724
656
522
142
600
526
487
290
206
334
457
269
770
115
367
149
374
240
555
185
