6
100
272
245
396
739
609
357
366
788
759
598
554
472
439
628
619
679
186
463
563
574
792
745
606
769
122
387
540
346
615
708
666
384
135
619
788
631
531
402
101
571
240
761
745
661
387
639
326
240
550
122
735
516
301
711
313
723
227
167
217
763
317
139
446
514
634
663
241
715
751
427
772
527
777
732
286
173
441
504
645
243
465
601
722
485
602
582
484
161
655
554
350
688
269
400
718
746
300
575
264
663
