6
100
756
355
466
206
544
113
493
297
636
321
695
192
321
524
375
451
419
591
677
317
788
458
432
357
124
754
599
368
129
799
462
266
748
276
311
449
485
383
800
225
405
253
372
632
591
556
568
418
289
264
302
605
329
613
122
123
113
113
333
725
385
258
707
163
568
188
357
263
487
647
600
449
161
402
277
561
466
543
367
336
480
552
358
475
600
160
409
373
232
663
175
231
564
121
614
547
500
639
364
370
