6
100
556
431
233
749
618
219
418
316
317
485
300
206
114
767
609
196
367
210
445
754
771
649
661
592
678
743
413
709
287
110
193
195
617
121
133
628
140
675
585
118
705
642
774
161
328
594
427
737
158
100
185
502
423
101
773
648
743
555
257
535
622
360
583
511
120
260
265
688
694
311
581
608
606
332
718
478
330
528
102
483
409
187
211
267
198
760
243
701
288
699
679
210
188
289
708
392
401
344
738
601
