6
100
655
754
381
629
173
631
717
592
355
756
609
289
514
601
283
315
662
353
621
695
419
663
415
717
216
466
101
344
550
585
760
406
735
497
496
150
615
189
797
588
358
777
460
294
422
404
196
506
297
116
412
574
226
111
562
601
291
357
781
754
383
697
183
751
348
418
253
217
296
102
687
628
401
149
331
413
165
174
384
748
659
682
777
309
641
713
223
716
550
573
660
237
370
524
638
281
478
363
113
150
