6
100
429
691
511
243
443
206
659
383
550
588
392
130
448
152
598
187
522
766
625
283
584
414
257
229
186
652
474
461
522
228
174
646
182
781
789
567
207
112
549
490
197
340
153
294
207
114
189
185
716
322
140
180
664
159
365
469
573
376
756
552
239
404
260
648
100
553
794
481
674
184
115
344
780
260
282
230
128
467
183
548
691
710
137
204
538
695
380
467
461
368
410
600
260
545
629
676
116
205
637
358
