6
100
170
316
535
314
154
256
513
466
316
193
314
297
492
132
671
282
352
584
794
554
589
389
705
216
787
316
240
329
259
537
333
769
475
372
260
762
640
316
683
301
472
738
543
330
340
748
445
299
180
755
613
107
693
281
418
111
503
168
182
609
506
746
363
103
687
180
200
740
609
702
754
611
782
297
400
249
705
688
321
183
584
777
351
779
422
772
611
140
689
184
509
610
361
202
727
718
740
640
465
620
