6
100
483
599
403
136
480
777
240
398
557
234
167
280
693
659
779
674
708
706
544
433
230
304
420
764
242
231
223
680
595
455
791
341
496
762
704
367
587
155
201
620
275
627
348
564
158
607
300
507
411
486
328
204
756
616
121
450
605
178
776
638
777
441
636
692
486
473
435
383
114
748
196
213
653
617
512
376
515
155
497
592
231
790
120
120
319
489
613
745
719
347
139
134
417
126
159
781
735
279
756
205
