6
100
574
258
225
774
360
665
587
718
416
308
298
230
509
104
157
289
206
173
546
312
238
639
437
454
546
501
773
555
593
185
319
688
560
769
796
460
613
571
280
607
343
335
790
548
489
172
633
323
620
187
243
606
510
574
478
787
281
493
405
737
715
614
150
643
246
247
434
314
537
235
170
777
307
429
552
425
562
135
197
467
177
143
288
727
772
718
772
535
544
476
237
491
196
337
174
193
621
643
301
358
