6
100
123
708
352
334
624
409
624
169
747
630
469
696
561
687
574
423
729
211
696
649
552
113
242
217
390
238
428
259
749
684
299
698
151
502
646
436
177
771
374
522
181
144
766
480
586
376
106
420
748
116
390
532
498
785
199
737
464
722
359
528
459
708
666
382
146
568
294
544
587
138
478
688
355
419
358
450
226
697
721
148
351
743
196
257
392
386
741
378
545
663
691
469
625
237
593
158
743
404
109
330
