6
100
171
641
677
748
476
727
402
401
307
132
757
288
765
682
519
448
722
372
137
800
119
299
568
448
633
558
171
674
213
511
200
395
406
644
648
197
543
380
479
251
506
288
139
496
175
248
728
297
443
604
558
388
204
687
281
779
528
310
498
237
597
749
234
158
121
279
494
194
541
413
293
368
781
388
563
557
201
243
526
155
311
568
558
712
363
327
310
336
117
457
520
189
687
638
787
642
652
445
325
411
