6
100
242
654
314
351
171
172
511
179
302
404
222
702
643
140
318
577
705
363
695
685
346
320
155
283
787
771
666
344
200
410
582
769
683
168
657
567
696
685
418
323
279
655
325
630
148
252
596
702
257
531
214
655
645
197
307
477
348
255
703
555
697
435
156
290
381
689
256
384
490
763
406
398
634
648
676
691
132
503
633
326
784
754
447
763
706
262
771
615
254
281
694
383
415
173
769
373
669
311
624
175
