6
100
621
775
736
591
187
369
237
400
391
331
205
408
102
768
361
624
385
105
566
630
789
615
354
287
716
105
740
630
264
604
591
719
545
395
189
280
673
255
756
415
534
742
660
290
229
372
193
290
392
268
232
464
575
584
361
526
626
601
678
748
122
403
275
217
793
623
798
177
707
269
365
533
546
321
283
736
239
503
720
152
689
435
761
693
753
254
739
527
722
713
540
565
354
653
183
623
597
254
571
657
