6
100
442
489
376
241
446
390
410
396
782
655
178
281
236
239
756
738
174
169
505
246
654
491
733
356
218
193
318
800
764
104
317
378
682
369
342
120
777
193
719
322
557
570
611
554
303
175
533
550
511
546
120
565
104
222
292
515
433
278
677
684
336
213
716
513
486
328
247
359
204
778
256
632
757
788
309
405
415
154
355
401
204
224
604
554
720
134
186
543
514
240
180
506
269
112
514
523
140
213
550
278
