6
100
509
435
280
778
361
442
340
533
775
343
183
434
149
257
198
590
655
198
389
156
318
696
607
144
698
797
258
110
723
435
277
613
506
187
389
251
443
487
732
578
476
327
165
680
234
338
352
342
756
427
208
585
774
408
334
172
188
800
621
701
209
295
130
656
169
415
647
152
118
528
609
244
790
749
412
308
246
114
194
507
490
529
581
226
263
390
125
182
610
288
603
510
115
475
600
424
134
616
463
152
