6
100
641
273
763
735
477
130
463
495
592
381
197
701
517
550
742
298
314
665
650
689
371
486
689
144
664
300
738
293
203
499
372
180
147
620
315
303
800
679
569
523
170
561
121
248
421
297
320
202
484
514
734
151
750
253
775
319
239
575
112
175
243
627
645
190
438
195
256
277
781
327
751
500
777
630
549
557
317
243
176
148
703
389
210
204
229
795
116
103
460
488
747
654
767
177
725
253
744
596
698
329
