6
100
705
311
653
351
273
612
105
405
149
344
205
292
102
417
368
233
564
453
372
764
322
109
587
644
685
580
275
550
725
666
280
627
395
724
271
331
323
492
381
537
377
586
204
226
508
674
781
348
363
624
451
150
488
427
684
699
182
299
179
156
450
248
353
448
112
528
488
794
502
160
765
520
529
532
565
649
325
769
454
756
157
285
132
205
225
107
769
265
622
170
500
788
781
292
616
574
492
622
712
710
