6
100
200
751
281
555
117
235
800
153
131
434
351
535
657
329
629
688
218
363
351
124
672
784
217
116
699
169
337
204
670
426
634
486
688
764
726
574
205
239
682
133
620
486
546
296
335
208
751
340
507
357
588
155
460
377
367
778
280
228
249
200
783
489
644
560
148
527
694
798
552
346
427
695
241
513
291
181
516
153
151
229
262
727
576
403
472
171
788
105
538
535
292
681
315
365
689
707
269
588
644
550
