6
100
753
630
592
124
249
162
393
799
272
442
791
276
700
647
792
709
379
254
605
633
592
540
650
760
295
651
735
138
641
148
108
185
566
342
494
505
261
179
190
463
611
723
255
261
715
697
356
762
473
613
404
706
562
768
253
393
468
115
285
650
212
215
763
559
136
259
656
275
173
667
152
507
691
558
533
781
702
304
728
674
466
751
344
530
751
514
777
239
174
457
180
306
424
637
527
277
448
228
139
158
