6
100
122
791
744
219
767
761
201
421
417
523
754
117
238
297
387
322
387
537
587
646
324
275
795
533
711
551
736
672
572
307
128
384
239
163
657
782
272
765
432
404
546
603
516
128
218
320
431
558
677
176
138
280
251
503
791
606
305
221
763
677
308
447
258
451
775
556
487
369
779
741
220
486
551
526
221
482
746
276
148
548
478
759
536
351
445
101
750
265
619
710
613
685
209
269
115
108
612
415
693
403
