6
100
279
369
111
458
481
677
125
581
493
376
600
615
391
155
214
193
270
652
600
588
208
449
447
695
409
554
286
196
122
638
439
796
230
369
549
628
422
205
688
747
729
266
535
587
445
789
130
594
721
642
104
143
327
231
686
522
699
371
177
388
652
632
613
510
376
662
285
276
702
291
454
679
442
499
321
480
208
366
589
241
107
498
187
239
402
320
182
652
257
454
149
513
158
368
334
357
300
393
481
124
