6
100
370
212
581
799
163
572
468
518
230
766
273
117
366
232
326
571
140
480
348
489
617
636
199
152
646
169
117
124
329
390
412
738
466
524
655
353
766
258
425
798
344
367
245
373
487
709
583
343
595
500
333
396
602
163
370
577
761
554
277
603
217
251
153
746
652
739
492
794
291
552
136
587
706
797
708
731
476
353
711
680
233
347
313
498
176
397
701
697
566
640
107
145
292
428
519
454
512
705
553
739
