6
100
268
534
447
285
415
348
419
204
633
652
312
382
697
238
292
193
782
201
624
113
555
357
500
330
544
745
548
233
176
499
606
171
199
398
483
590
369
689
184
641
122
483
318
471
114
131
573
181
439
273
475
360
418
360
317
701
672
151
162
180
458
691
426
225
792
552
526
347
737
666
518
249
170
214
796
720
630
409
573
483
726
734
738
247
135
273
581
604
273
608
304
122
227
491
195
607
581
492
686
631
