6
100
740
742
386
712
336
311
474
728
323
417
127
627
720
524
297
229
357
153
356
579
699
736
262
277
731
631
780
397
431
125
388
467
207
309
764
231
522
724
529
187
274
682
386
195
276
769
724
367
590
316
789
723
146
650
148
330
738
113
319
112
685
465
266
239
576
153
489
482
790
364
273
752
583
746
721
413
160
203
254
567
113
678
798
209
343
592
129
274
545
370
513
137
183
444
703
608
728
120
722
785
