6
100
612
263
558
127
543
486
719
139
602
195
704
220
423
709
104
765
620
405
331
216
653
423
110
156
369
733
273
766
326
588
304
656
176
546
675
386
741
469
443
545
643
494
640
714
137
786
117
701
192
755
685
551
360
561
506
739
321
685
285
418
199
275
521
770
352
574
330
101
643
111
662
345
578
587
668
407
328
308
564
209
517
422
457
704
791
108
750
550
660
355
620
682
515
209
175
643
722
193
685
697
