6
100
738
460
696
687
501
250
757
280
466
796
777
328
174
188
222
197
520
164
224
565
565
258
132
455
133
517
541
748
475
207
198
167
212
182
786
542
554
535
670
340
188
519
732
282
150
748
578
724
464
668
512
619
460
406
193
157
667
696
269
772
678
173
673
425
697
552
509
274
449
770
206
303
378
415
347
732
213
520
673
107
509
341
661
562
163
602
284
648
410
620
236
252
586
500
240
778
374
717
324
607
