6
100
376
691
111
355
388
759
474
550
338
183
350
345
757
392
405
418
705
222
667
548
539
221
238
501
655
120
670
391
406
683
419
516
691
123
678
668
427
515
177
319
188
354
671
387
422
614
681
263
546
465
639
629
308
177
481
139
636
690
234
687
449
560
767
233
654
790
520
523
610
720
112
270
370
407
119
417
302
370
428
471
176
114
467
615
537
329
310
496
740
363
558
281
673
771
290
498
549
434
799
645
