6
100
168
169
388
775
467
188
557
456
329
559
456
712
581
417
611
529
459
175
534
541
551
389
700
595
311
110
500
283
659
306
573
355
438
460
413
103
764
246
343
526
438
675
173
659
644
519
130
390
710
611
563
647
354
615
419
251
700
177
102
660
571
250
303
375
654
389
298
730
144
426
636
649
564
216
390
683
650
268
185
223
523
433
506
486
433
185
176
671
372
468
610
600
567
115
447
727
749
154
151
224
