6
100
638
147
144
679
784
204
766
115
149
153
652
732
452
664
641
583
221
767
181
488
189
578
366
545
463
703
131
310
662
400
339
565
235
136
332
350
358
109
265
475
394
344
103
204
141
267
211
422
146
558
699
661
800
265
256
521
197
414
758
550
591
774
139
505
298
305
156
592
499
591
310
773
300
326
356
253
381
497
180
642
505
628
556
189
718
102
572
796
609
366
138
500
161
295
567
136
760
150
424
375
