6
100
208
579
189
198
635
694
739
248
471
700
248
506
703
663
670
596
755
419
428
201
565
383
436
660
720
408
468
416
675
247
615
462
648
166
117
148
183
350
567
167
396
473
187
116
790
144
190
433
446
237
101
304
794
184
268
657
150
349
340
312
341
379
722
730
186
527
700
409
376
345
254
685
105
368
634
480
194
452
209
347
780
402
308
378
586
773
715
386
559
336
250
272
691
736
332
560
511
107
297
301
