6
100
214
426
701
256
235
111
476
411
102
393
162
639
334
633
313
549
394
560
387
230
407
716
207
789
255
276
184
154
241
653
329
268
530
166
124
447
770
793
687
716
580
388
790
417
224
487
773
501
746
277
320
385
788
544
616
588
587
798
371
642
539
773
431
681
640
697
155
396
105
342
270
277
662
348
299
220
213
221
369
416
685
707
388
308
638
738
101
530
665
157
720
116
552
520
425
191
129
463
551
123
