6
100
292
451
733
719
148
151
497
101
551
667
261
558
109
783
207
711
549
449
530
549
195
705
262
737
247
267
485
703
720
719
706
396
756
644
309
124
523
457
194
567
480
404
371
158
118
130
546
348
378
532
173
542
642
179
788
206
102
314
106
457
705
224
310
221
458
491
397
274
238
114
613
445
245
108
756
508
150
279
757
543
113
368
732
767
572
680
514
148
111
776
758
797
506
453
718
615
736
190
403
140
