6
100
532
733
556
118
611
151
710
404
497
545
250
494
763
416
211
660
289
536
424
580
438
543
620
223
290
612
313
216
463
507
255
275
105
205
565
615
361
691
429
739
313
731
787
499
102
126
183
631
717
332
599
664
458
356
150
510
690
534
680
119
547
174
797
725
233
287
320
644
285
178
675
369
318
526
573
130
739
324
271
428
441
311
400
643
271
268
263
627
371
688
525
360
495
426
459
487
501
125
282
228
