6
100
774
248
413
255
201
501
721
512
269
763
117
552
738
568
745
117
675
131
601
183
347
274
768
171
487
419
219
233
332
268
596
211
748
245
664
177
515
728
744
439
500
735
313
332
293
310
689
675
633
265
179
108
389
704
618
705
737
421
763
457
395
676
380
635
147
740
298
723
530
622
536
534
402
465
708
392
585
120
604
794
684
294
246
143
274
375
116
367
275
630
160
797
286
374
366
629
308
528
125
164
