6
100
772
459
574
200
486
695
506
764
695
148
674
643
781
195
500
743
523
309
203
270
598
788
335
246
436
753
778
189
473
518
626
580
361
645
346
596
165
460
599
219
325
256
547
429
405
168
538
756
102
615
753
522
448
127
742
248
266
349
523
446
523
703
467
573
439
244
650
270
783
386
383
774
339
792
717
200
251
351
120
209
136
433
139
237
679
602
720
309
798
120
619
524
587
321
782
718
237
156
195
295
