6
100
756
673
303
773
367
630
736
143
426
514
372
745
261
460
248
741
179
468
415
543
735
493
347
202
769
726
216
467
532
638
251
520
771
306
267
787
599
510
768
326
436
206
726
687
229
478
437
146
640
255
355
721
214
617
788
649
427
160
383
356
395
355
381
191
171
560
647
433
711
225
769
779
515
569
646
704
147
117
535
702
626
236
589
190
591
324
551
499
647
187
346
331
176
492
124
499
641
580
500
433
