6
100
455
748
108
220
179
777
494
625
763
112
104
708
442
762
670
753
164
104
287
733
399
449
480
150
234
551
123
146
142
614
752
186
721
461
138
520
212
684
750
619
595
470
171
589
548
494
622
652
499
396
421
109
136
631
353
679
303
286
395
201
163
688
116
535
147
767
666
204
163
312
619
549
797
594
413
123
469
258
652
492
488
504
580
283
460
631
245
628
183
762
721
271
316
542
314
660
419
112
748
697
