6
100
389
754
147
107
681
362
747
213
435
360
342
726
469
616
778
190
643
365
185
572
355
237
224
268
603
251
176
597
634
793
335
552
352
257
652
144
121
580
270
412
726
326
731
102
711
574
249
237
207
455
773
448
717
582
505
384
180
345
619
602
125
289
228
124
376
456
649
478
249
312
723
100
623
247
728
130
574
446
153
567
499
637
557
106
507
715
194
350
381
143
723
395
429
324
782
692
394
145
247
780
