6
100
374
130
517
694
134
456
190
602
307
425
400
499
615
386
144
460
524
757
314
482
438
547
422
495
262
258
409
546
248
756
522
462
610
218
670
385
614
360
654
783
652
230
569
535
276
687
687
796
623
642
111
625
700
491
505
506
155
104
192
425
121
508
348
236
730
125
140
197
204
305
470
278
427
517
170
348
783
727
786
539
574
445
332
375
214
749
520
191
497
180
164
616
632
624
659
129
671
749
438
503
