6
100
397
651
335
251
574
751
417
438
298
201
777
602
455
761
383
204
254
120
603
619
168
584
175
592
150
407
172
279
128
728
725
557
669
762
728
405
323
176
523
772
141
241
549
208
665
247
174
478
496
409
200
444
638
735
642
632
612
780
783
260
350
264
101
759
164
576
783
346
184
140
590
699
679
472
624
482
445
497
653
262
278
149
214
594
312
648
599
276
335
743
700
395
285
137
747
131
217
291
610
446
