6
100
119
185
377
340
719
140
331
499
354
363
349
665
774
731
140
179
142
667
782
581
536
462
746
718
209
670
511
428
738
287
334
206
331
697
311
336
632
692
603
203
379
778
441
581
449
640
109
487
677
297
295
526
341
725
222
799
242
447
153
382
734
719
571
499
646
370
132
147
576
628
798
316
754
316
535
667
489
331
202
595
582
589
100
472
319
645
199
248
242
497
552
342
186
158
462
604
299
103
650
146
