6
100
133
494
674
158
713
577
741
594
476
354
180
527
492
338
306
791
754
770
439
489
144
316
415
681
780
551
466
543
626
794
572
703
291
138
691
454
191
355
465
737
697
554
502
304
343
443
322
454
530
245
699
142
583
103
554
370
698
344
343
338
159
537
709
791
632
108
608
522
523
549
520
765
734
778
225
648
769
399
258
534
631
320
739
632
792
754
377
480
225
786
554
711
235
230
470
781
740
250
185
386
