6
100
410
259
466
191
461
576
390
772
633
793
519
327
219
450
173
762
202
317
590
332
601
565
600
317
778
515
183
645
642
662
699
606
611
673
388
443
352
360
558
308
505
131
732
100
366
210
280
174
663
738
225
130
190
643
324
572
333
192
517
141
654
215
463
433
264
100
640
580
762
168
128
411
252
722
164
289
139
570
166
423
193
622
245
351
790
668
381
704
430
520
475
240
434
641
587
758
705
140
631
276
