8
100
404
180
293
537
644
565
211
545
107
388
666
283
567
160
172
568
670
656
653
407
284
387
308
164
116
257
678
692
100
679
566
544
770
274
650
361
594
349
554
432
501
441
312
530
166
342
591
623
781
198
296
357
293
783
656
125
729
441
369
193
275
621
741
718
259
366
482
530
383
792
496
296
440
630
425
253
112
357
285
221
334
189
170
489
634
359
132
773
153
159
231
757
239
670
771
798
209
656
601
717
