8
100
662
186
219
405
173
546
532
371
542
218
752
771
541
302
431
717
428
246
566
588
157
399
153
466
580
534
616
146
603
647
613
725
134
528
115
756
403
212
462
290
248
602
390
188
287
767
638
202
255
312
325
738
728
535
511
591
107
141
218
461
198
248
342
331
737
455
728
536
421
693
225
189
193
446
421
704
415
256
441
372
303
588
329
327
350
184
406
181
716
184
793
133
493
726
422
458
653
517
413
466
