8
100
413
727
438
358
415
753
447
248
471
179
757
222
114
626
755
586
220
390
694
452
345
319
170
200
444
765
279
612
667
799
346
783
621
417
428
406
215
109
496
139
679
611
490
732
149
725
546
244
644
219
704
529
500
101
783
591
291
267
440
628
523
122
101
637
194
785
660
604
446
452
561
159
674
457
756
521
422
285
731
300
751
475
310
590
177
794
239
422
593
682
138
108
759
581
128
550
468
627
543
621
