8
100
511
754
800
748
426
678
797
223
271
199
330
502
169
574
578
720
312
741
565
169
407
398
541
771
692
451
636
601
328
133
390
207
168
608
561
694
797
338
195
579
747
442
193
536
497
405
734
600
333
290
275
356
492
304
343
702
779
546
681
178
362
234
175
585
536
603
772
165
667
275
342
266
605
613
447
274
484
738
263
429
683
431
490
605
568
409
424
675
215
668
119
346
197
409
617
572
150
237
142
233
