8
100
276
325
229
674
755
425
404
299
197
307
698
469
209
278
238
165
740
710
750
390
572
570
474
679
794
315
183
686
737
768
257
545
395
762
736
703
220
569
149
534
381
593
126
625
214
249
370
335
635
506
113
433
433
315
451
305
439
204
540
246
165
453
284
416
225
142
385
678
723
578
473
608
522
484
213
382
188
485
583
438
207
746
426
608
773
199
186
132
358
146
209
644
757
326
622
230
399
765
687
271
