8
100
573
193
800
188
281
277
294
538
108
444
319
456
543
149
452
383
656
297
126
486
346
710
616
313
656
581
184
739
762
495
622
465
745
428
642
416
332
722
668
593
613
429
784
612
327
738
265
417
744
174
783
462
188
469
683
677
672
713
644
296
679
773
403
679
731
696
562
585
737
282
368
745
301
231
566
189
624
667
130
465
262
532
170
215
175
669
306
447
541
762
126
161
549
664
118
567
466
493
671
365
