8
100
326
732
490
702
686
229
443
781
109
350
179
747
761
422
360
584
281
739
150
570
333
733
595
234
617
123
476
301
760
244
744
591
288
635
717
215
167
720
765
730
318
256
264
377
109
655
627
394
426
179
101
297
311
522
659
344
782
248
344
673
421
324
503
608
250
712
594
249
362
645
160
130
248
474
291
359
681
195
344
624
188
243
459
380
795
368
728
616
635
784
557
182
748
686
294
705
146
461
233
475
