8
100
458
150
698
487
104
748
469
157
109
360
122
296
473
605
453
485
744
258
276
643
157
427
511
688
758
103
729
369
184
282
787
684
746
562
534
557
455
118
386
709
351
253
685
683
792
114
525
264
717
300
259
363
594
328
679
573
633
483
269
408
581
346
336
719
388
285
515
370
348
335
746
108
720
644
631
293
112
694
366
212
362
102
440
363
366
296
118
719
602
759
298
558
122
351
234
584
720
214
749
299
