8
100
387
108
356
286
357
515
463
366
492
563
541
337
137
327
412
606
564
423
376
135
377
350
574
480
210
523
508
192
598
263
156
614
710
177
545
634
773
502
306
723
462
329
105
150
270
505
252
665
245
402
570
556
310
468
461
791
758
750
529
126
109
290
186
192
170
204
334
256
734
625
616
556
781
628
347
209
546
431
323
205
257
263
594
263
458
120
520
764
393
383
406
665
782
514
502
489
454
737
181
578
