8
100
794
603
557
756
456
420
666
521
362
473
674
176
438
498
712
596
552
412
376
761
655
582
707
220
396
176
744
324
318
587
555
736
423
628
241
319
313
309
520
299
210
584
671
595
748
473
176
535
135
664
518
439
604
283
161
585
321
144
206
335
186
574
421
258
293
106
344
206
775
660
564
380
721
283
676
467
771
784
208
346
276
116
432
277
249
369
736
564
176
500
781
687
610
470
735
714
338
634
272
788
