8
100
304
337
779
244
659
132
393
372
734
111
718
189
484
632
723
552
536
731
540
236
757
324
464
322
397
481
135
358
507
367
695
295
230
677
109
496
266
223
581
526
219
415
725
207
311
107
524
161
473
421
157
415
317
642
409
591
674
597
443
263
411
401
661
197
426
379
128
259
114
467
486
303
309
481
222
530
800
573
331
624
124
447
343
467
436
160
126
319
648
399
470
484
243
122
338
439
478
691
596
255
