8
100
542
688
739
130
299
513
647
330
102
773
335
733
667
237
741
495
716
160
242
151
440
182
664
397
247
702
155
350
376
522
247
189
689
277
481
461
635
432
211
167
100
149
587
630
421
546
407
419
672
408
551
272
439
498
177
475
661
323
111
522
442
683
796
357
350
795
420
378
281
493
225
229
299
502
186
557
256
783
464
749
286
456
234
342
767
705
195
614
365
143
345
737
557
169
739
416
513
685
313
606
