8
100
522
378
322
160
717
187
590
448
264
499
174
312
784
169
447
413
698
653
592
267
447
147
460
188
182
517
100
599
433
392
163
113
149
343
384
800
518
529
332
318
555
618
342
328
573
590
523
378
225
305
632
361
220
658
132
358
716
697
522
642
581
524
139
467
349
168
342
530
423
734
662
704
175
121
433
753
713
133
601
513
117
440
797
256
766
430
797
528
721
535
746
753
697
229
171
126
704
400
654
772
