8
100
164
162
286
568
345
502
304
383
768
510
123
164
385
750
206
489
662
545
517
640
639
192
216
196
579
522
352
789
180
556
406
338
474
224
627
768
284
470
334
487
577
718
598
354
572
722
796
710
338
494
236
691
762
398
671
514
184
727
569
438
324
746
777
601
464
721
540
325
224
614
715
411
400
357
147
695
479
304
625
582
538
449
107
460
502
528
130
488
296
289
791
251
155
646
793
700
419
798
484
663
