8
100
576
212
307
520
269
511
749
255
162
215
167
280
511
172
262
274
572
733
727
320
494
268
186
211
585
176
799
344
754
246
435
673
128
513
434
549
348
479
233
132
630
614
571
576
710
523
568
183
463
103
582
555
393
161
335
284
201
413
725
760
327
458
193
211
167
228
394
557
665
608
111
407
780
738
572
155
430
383
419
233
108
387
673
253
673
488
757
416
519
124
301
296
616
103
427
602
628
254
295
216
