8
100
648
385
728
641
660
580
321
797
758
171
670
465
492
724
618
173
777
416
778
764
179
262
246
603
491
713
523
673
564
523
477
725
133
709
613
522
309
261
492
545
739
455
541
781
453
213
532
385
285
761
335
313
558
645
150
536
354
737
211
223
458
301
664
205
172
248
220
710
612
256
595
668
467
268
600
710
351
767
230
715
313
421
721
356
331
214
568
506
283
739
142
623
782
366
165
516
699
604
361
175
