8
100
304
479
625
585
700
326
260
124
611
271
160
692
386
192
739
210
345
745
770
125
749
664
595
686
543
535
596
608
470
446
558
411
768
608
592
329
429
752
143
493
152
408
672
597
553
748
102
428
557
311
761
585
169
704
673
557
614
571
445
487
452
246
525
309
275
273
722
460
574
105
619
660
473
481
148
280
157
367
349
275
658
387
795
392
322
119
698
763
556
467
189
155
537
609
378
723
515
723
775
298
