8
100
348
773
749
180
790
101
276
123
653
203
366
243
701
414
254
598
452
289
612
445
429
585
623
701
372
196
137
280
433
289
607
305
441
194
580
790
745
483
492
303
432
611
612
705
619
248
576
154
219
776
491
300
285
652
115
335
124
773
313
340
594
185
482
588
567
393
359
334
572
724
603
273
315
180
745
281
568
168
119
119
337
385
372
325
505
503
434
471
648
610
781
401
227
439
158
240
660
164
193
584
