8
100
617
262
341
562
413
679
552
630
390
380
622
265
715
488
738
184
333
175
613
411
267
102
423
290
779
401
507
772
109
258
550
571
406
462
334
207
504
523
672
615
798
172
308
524
584
339
703
330
479
797
481
520
108
784
567
291
176
507
388
533
509
711
553
690
366
328
104
696
340
604
255
286
220
291
587
582
533
127
332
254
761
481
531
257
537
576
755
339
308
689
216
630
779
322
450
600
430
757
461
299
