8
100
798
136
169
631
147
250
607
651
464
445
270
391
320
314
423
135
662
745
543
613
391
343
658
211
543
431
347
760
217
418
724
193
407
354
283
788
279
147
742
768
652
369
433
796
630
422
495
133
725
388
718
675
546
258
478
660
170
724
541
459
279
656
144
132
382
347
547
672
704
742
361
505
753
731
160
583
165
225
254
545
421
605
747
651
436
443
362
391
728
503
354
777
760
512
182
497
659
312
368
656
