8
100
727
344
438
127
223
294
540
139
108
351
705
207
497
391
655
330
382
145
530
660
406
712
590
282
200
615
396
385
100
466
265
587
241
778
799
352
524
669
487
577
756
233
492
447
269
290
497
779
516
209
340
522
129
104
421
458
672
413
172
748
645
239
223
776
191
783
525
559
354
530
754
233
421
435
195
412
343
162
597
626
528
116
796
728
400
131
625
388
653
454
795
145
758
785
144
549
160
204
774
770
