8
100
221
141
254
602
782
736
224
513
359
734
703
629
434
121
381
545
510
603
488
642
534
452
646
525
692
737
499
428
670
512
118
707
500
601
583
792
178
538
534
433
153
593
601
404
597
473
313
591
142
290
773
353
407
315
514
459
180
197
629
295
293
466
278
157
257
702
764
203
687
684
687
298
284
318
378
719
715
430
203
238
445
241
438
697
658
620
629
525
148
498
518
363
190
475
451
445
477
290
554
259
