8
100
739
614
639
516
105
130
309
715
653
134
435
798
600
587
479
144
797
553
484
597
317
230
602
164
628
344
101
211
123
323
746
220
752
142
544
427
102
255
287
429
474
283
449
775
616
698
367
522
246
459
394
576
546
449
735
199
621
765
441
697
450
290
101
177
497
651
488
392
108
530
690
441
273
673
618
462
274
657
182
591
797
742
750
797
224
391
472
194
210
472
290
730
211
730
315
538
610
233
582
786
