8
100
686
745
498
356
408
631
355
317
709
755
584
102
105
179
538
127
546
282
333
610
375
647
558
351
777
743
752
604
489
368
159
703
501
278
761
178
517
182
674
341
497
414
338
443
277
284
467
315
762
101
175
376
387
573
191
419
168
274
626
673
513
302
335
237
313
696
650
595
417
532
173
196
265
305
271
421
312
273
216
515
417
377
225
398
510
345
460
154
735
662
208
390
367
220
737
670
408
441
625
227
