8
100
645
114
101
357
121
590
734
163
672
603
774
674
219
303
523
160
139
683
541
306
675
531
308
442
730
554
552
354
638
672
151
474
200
295
218
134
408
173
650
211
431
216
362
331
385
293
489
455
777
506
767
545
716
240
286
394
513
184
525
344
243
330
148
764
590
247
492
314
362
232
717
687
484
526
134
309
464
720
719
132
640
726
679
497
390
523
117
260
731
785
562
315
779
174
464
272
699
520
683
219
