8
100
725
420
354
297
310
700
478
710
400
126
485
400
262
411
183
518
344
438
167
548
482
209
474
247
402
769
113
355
382
101
272
677
694
408
696
449
524
151
439
273
562
280
200
727
170
127
621
448
323
485
772
702
428
552
300
306
216
656
366
555
407
252
544
493
754
300
101
785
361
209
156
745
273
562
406
455
647
412
228
243
185
360
669
350
665
199
286
760
421
243
289
518
618
720
740
710
489
644
430
626
