8
100
128
754
736
426
125
475
510
266
495
571
287
206
229
778
209
396
673
788
535
623
754
530
125
674
109
614
697
167
275
152
752
669
451
363
180
272
445
641
143
265
289
406
326
764
736
425
567
718
418
115
562
207
196
613
448
796
676
322
151
465
597
441
324
635
302
158
644
738
482
426
395
690
385
212
624
720
419
617
168
683
710
778
263
247
550
238
217
653
110
100
269
348
238
146
421
604
319
335
135
795
