8
100
138
672
792
483
335
455
493
194
725
189
160
560
302
304
644
294
520
163
401
394
179
784
624
653
296
735
745
543
744
615
414
280
570
697
258
657
592
151
706
253
559
648
293
527
699
326
449
569
629
544
640
440
558
202
708
487
544
743
570
121
641
120
104
287
515
256
596
492
639
654
775
217
153
604
714
511
518
153
313
140
218
557
754
333
168
700
527
587
168
695
737
254
453
756
783
304
608
247
514
361
