8
100
620
242
263
340
169
454
415
492
166
686
635
773
184
328
685
361
276
148
415
276
587
628
520
404
447
493
667
215
440
310
597
347
446
662
713
167
656
490
726
410
667
526
589
381
145
585
201
252
375
538
690
718
368
767
257
730
160
679
721
310
781
213
211
737
187
109
752
705
590
257
617
361
540
320
158
617
500
534
113
533
180
581
782
480
263
736
680
575
791
392
271
693
432
258
274
651
128
533
138
572
