8
100
137
360
218
776
588
155
369
478
485
125
255
213
472
656
155
413
348
477
425
580
602
433
677
341
640
429
536
693
669
759
569
507
270
800
586
215
639
686
225
775
701
360
406
700
402
194
755
276
686
388
714
342
122
545
122
558
133
116
665
631
584
430
508
335
447
582
298
395
749
518
249
742
681
775
190
356
198
309
499
776
685
792
403
681
191
583
666
455
760
783
133
624
508
250
172
463
603
605
166
284
