8
100
712
723
226
605
482
570
580
736
194
595
392
414
489
498
605
184
127
706
684
117
694
192
249
522
251
780
179
732
494
409
391
166
757
594
593
267
611
738
518
306
532
334
323
376
640
644
477
345
315
237
406
401
797
524
129
354
241
247
662
530
173
657
394
723
195
360
748
740
584
146
103
406
158
280
508
452
618
780
550
778
563
463
320
280
185
372
237
376
538
371
752
278
172
118
127
161
361
219
100
294
