8
100
745
476
364
254
299
275
143
758
145
344
597
397
496
256
241
697
676
160
775
629
658
352
659
477
688
318
774
271
368
764
446
498
733
211
655
187
183
171
413
776
410
693
317
336
584
284
683
595
119
216
544
114
223
591
337
256
707
793
555
114
479
109
572
728
316
636
455
368
201
540
139
496
342
116
186
702
264
309
608
113
176
709
577
383
415
526
403
449
359
441
189
571
325
426
762
240
129
546
574
467
