8
100
556
671
367
756
237
510
172
745
131
719
745
515
740
717
363
193
673
684
636
430
476
606
248
134
317
198
797
684
655
405
194
513
279
172
246
372
131
396
407
366
294
347
110
662
661
566
575
275
373
342
481
234
244
256
225
612
449
708
756
540
486
613
470
491
728
474
698
545
633
736
155
218
641
300
778
583
735
130
417
243
591
725
429
606
588
459
123
106
205
416
495
531
788
283
430
191
786
724
782
595
