8
100
725
618
558
789
428
470
797
165
791
577
568
752
209
368
227
647
576
687
789
181
594
741
476
350
473
121
554
725
493
307
136
337
449
733
260
144
666
639
443
762
392
399
313
373
569
213
714
519
467
384
781
157
109
363
101
397
760
777
340
312
692
725
747
626
230
148
131
571
668
288
425
528
561
799
605
633
590
551
600
266
209
707
471
514
758
263
467
500
355
182
552
199
168
682
110
626
353
113
631
689
