8
100
797
172
662
147
710
523
217
539
438
206
539
232
261
699
744
342
731
570
269
329
357
305
498
112
478
309
265
252
502
472
640
216
327
624
775
309
128
457
241
288
329
321
131
247
339
800
136
278
278
359
705
308
762
169
469
106
771
705
151
174
596
615
343
707
750
676
161
723
365
212
275
182
658
697
513
169
168
422
442
453
685
548
119
725
727
129
330
607
419
411
181
541
232
202
489
747
599
525
332
361
