8
100
455
371
439
398
519
118
161
307
225
762
516
274
213
608
318
214
425
750
542
580
602
781
343
265
249
300
270
297
182
584
741
695
742
133
695
303
181
197
628
306
243
673
192
213
694
377
180
318
345
297
476
138
342
713
286
520
636
592
645
330
120
669
794
314
453
392
335
132
246
645
162
472
632
343
767
432
510
214
714
683
357
442
198
507
627
587
578
603
311
390
573
478
586
746
347
204
225
646
167
258
