8
100
606
653
197
718
773
614
504
101
483
373
531
174
679
122
452
283
209
732
496
311
522
178
477
685
730
642
197
462
554
379
732
492
639
473
277
452
248
554
684
257
729
300
162
248
753
410
159
150
138
251
517
311
337
585
396
309
207
160
790
542
348
195
192
487
623
616
265
636
651
688
458
405
471
510
517
427
688
590
363
103
686
191
150
246
523
758
490
287
198
412
760
563
495
527
379
579
492
578
272
240
