8
100
638
528
484
642
575
213
314
467
522
178
478
675
781
435
283
406
117
704
615
377
280
159
488
613
189
159
777
456
107
138
420
157
377
683
504
533
343
479
110
704
240
438
752
200
466
292
473
556
315
270
733
763
404
145
158
611
359
557
374
697
183
309
104
510
404
149
660
193
280
410
383
383
405
234
488
111
567
477
554
504
592
475
516
228
665
596
712
239
416
765
714
285
293
557
436
497
302
177
710
344
