8
100
517
238
680
147
548
794
747
525
659
412
115
221
636
654
449
416
139
655
186
764
598
548
367
107
275
165
144
166
710
709
154
293
733
298
478
113
464
198
171
235
576
713
463
334
333
759
442
213
716
420
609
345
708
162
302
474
764
238
211
509
154
259
146
179
779
342
503
278
663
333
381
563
219
607
101
649
296
242
374
370
390
266
261
310
541
779
203
417
596
355
323
190
356
513
308
436
590
566
161
312
