8
100
125
455
626
446
471
493
274
292
532
288
423
719
307
771
424
739
355
481
506
234
719
212
426
501
710
141
405
750
286
620
124
400
184
354
713
137
141
349
597
349
789
335
633
437
114
263
308
403
609
580
428
507
482
578
361
408
454
414
375
571
221
514
641
355
705
441
410
472
157
747
171
725
266
795
479
718
512
257
260
741
417
791
190
734
558
181
653
119
260
673
564
615
365
659
580
119
571
562
177
772
