8
100
770
543
606
480
448
328
771
200
120
788
436
349
314
560
228
314
458
179
689
447
599
426
224
490
492
145
240
298
275
549
645
717
604
588
426
445
170
203
512
775
399
243
493
697
507
469
435
590
455
525
750
479
557
383
158
576
575
275
114
585
389
784
312
593
134
319
667
726
523
466
665
290
532
309
298
579
175
729
467
159
641
478
760
138
411
126
208
488
656
588
315
767
295
417
562
300
346
281
387
644
