8
100
758
281
710
635
510
485
492
284
547
101
537
133
520
391
615
742
550
513
484
597
664
607
476
681
412
135
142
100
766
610
592
304
575
792
689
363
222
459
439
133
529
161
337
794
455
440
205
654
562
528
287
243
358
722
438
570
713
731
173
157
149
300
299
654
415
711
517
722
319
151
707
594
254
467
276
514
584
783
494
745
213
401
694
356
230
478
252
381
723
270
748
159
570
555
585
142
211
235
303
681
