8
100
369
684
396
297
458
337
450
466
533
647
187
122
231
121
631
269
443
509
779
274
654
771
288
337
661
331
228
622
368
403
508
568
448
583
283
477
391
523
636
474
214
386
426
342
261
761
728
236
465
668
325
164
492
627
500
353
758
310
183
380
120
562
383
589
747
701
391
170
556
187
464
327
535
479
475
608
332
752
144
317
323
794
146
104
355
585
586
224
762
743
353
369
757
346
158
384
499
533
129
450
