8
100
711
132
449
562
316
730
590
119
482
394
589
520
362
479
631
378
311
141
487
250
448
645
616
727
800
725
649
687
217
545
137
641
371
219
190
634
112
606
372
438
522
785
689
611
323
604
234
228
574
607
230
403
438
725
222
263
121
555
765
117
495
506
672
588
783
324
751
524
630
590
704
687
247
192
409
611
727
275
676
540
331
665
672
736
768
663
431
266
322
727
731
169
483
111
348
481
131
295
490
253
