8
100
155
550
491
404
533
500
368
363
659
290
674
594
202
427
632
492
669
118
560
372
110
524
526
600
624
476
577
204
612
779
442
565
532
281
114
172
409
531
606
762
327
787
674
327
403
227
730
304
217
319
615
333
544
368
360
197
332
240
410
527
180
460
631
191
375
388
191
158
508
763
413
527
673
130
103
545
724
541
161
187
426
117
653
523
469
513
167
748
158
527
252
295
186
405
209
426
669
715
480
382
