8
100
446
299
435
543
553
178
367
113
418
132
635
496
792
224
395
587
476
770
139
181
486
341
701
150
695
234
329
711
152
724
351
554
374
280
494
361
410
572
698
189
486
439
287
529
222
539
130
743
526
473
770
475
756
283
723
539
264
725
566
478
119
218
185
499
793
367
410
786
726
462
614
283
677
550
698
561
534
486
442
745
508
555
436
334
401
169
386
781
448
244
391
254
234
143
300
477
585
407
642
436
