8
100
545
789
452
582
514
412
371
439
180
376
265
174
796
645
284
611
281
675
708
778
547
558
602
543
279
246
150
627
514
355
357
686
577
329
126
373
496
297
520
579
101
291
782
636
386
349
145
607
153
783
518
248
529
530
226
243
557
580
553
114
666
565
539
507
710
440
363
754
287
231
698
107
632
653
136
554
382
413
501
696
619
684
420
318
287
650
284
217
186
230
375
118
138
182
570
258
528
269
221
344
