8
100
297
607
626
127
628
670
249
602
646
667
278
630
398
678
519
658
341
249
277
536
611
593
162
413
463
660
562
388
692
389
303
351
619
632
377
695
164
448
149
396
687
180
733
181
400
504
146
262
467
248
545
342
768
697
224
508
738
259
496
187
388
521
149
786
797
566
576
795
576
576
576
184
215
703
436
759
298
115
590
392
592
430
440
743
718
198
167
434
293
791
610
324
647
538
518
530
413
256
281
450
