8
100
295
340
497
158
560
452
413
524
691
752
416
787
664
125
386
473
189
365
597
730
427
309
373
653
277
671
417
103
553
638
415
592
615
240
316
740
796
103
387
314
786
672
744
239
305
203
351
683
645
647
410
718
782
387
205
255
674
473
139
759
525
510
734
529
226
339
413
664
379
483
455
696
680
666
325
702
592
620
176
790
184
350
731
758
454
591
537
635
313
621
396
685
760
469
266
198
114
485
547
652
