8
100
714
190
776
178
378
317
413
687
762
606
300
341
531
378
416
468
294
128
722
361
468
224
157
261
722
478
729
321
292
597
561
438
577
104
423
269
203
541
640
113
768
137
265
574
152
559
641
293
723
536
727
167
187
155
299
727
146
439
540
402
104
290
584
255
766
617
551
496
499
228
550
662
382
315
562
684
315
690
490
721
218
415
391
469
694
699
180
751
372
271
213
372
426
733
636
161
164
173
217
178
