8
100
436
317
588
339
582
620
434
115
683
800
728
410
645
651
729
513
187
542
780
668
378
284
786
325
454
285
270
785
414
769
705
301
283
476
311
574
259
435
245
107
325
214
449
344
745
643
581
779
628
407
419
543
174
530
444
165
288
613
490
711
274
165
679
286
601
798
418
532
246
198
389
677
510
280
495
181
613
105
793
140
457
184
498
676
773
647
664
595
632
290
740
726
746
708
192
429
624
780
320
583
