8
100
656
128
449
775
614
708
316
729
160
515
130
252
663
564
393
513
410
604
500
391
358
792
723
340
239
742
163
120
464
147
485
214
680
280
715
609
619
767
624
459
412
729
783
721
384
114
692
665
317
496
583
161
295
438
603
740
322
150
165
526
110
711
282
556
453
663
467
757
561
488
717
308
484
257
161
282
202
253
102
153
290
366
207
780
663
371
498
568
191
374
699
211
695
736
472
596
609
771
517
188
