8
100
397
551
237
341
218
680
549
284
727
411
559
721
297
641
420
358
394
695
100
564
113
701
662
119
705
636
115
660
454
250
653
382
262
569
645
537
278
660
130
180
221
185
163
218
570
729
247
613
431
283
134
569
485
537
412
295
494
311
454
143
504
393
749
614
105
126
507
443
681
488
339
468
114
337
213
658
292
539
378
126
765
560
377
120
289
144
320
175
650
463
241
756
145
534
330
466
562
121
633
433
