8
100
399
333
128
155
216
263
259
171
518
586
694
438
783
274
352
563
477
451
113
582
594
459
593
613
468
408
800
697
372
404
467
107
780
641
454
335
411
277
525
551
749
687
109
240
229
475
626
615
511
488
288
598
317
575
289
688
651
744
649
688
389
382
447
425
450
456
332
631
434
282
292
501
340
781
418
338
362
192
427
155
151
481
772
566
360
606
417
344
160
472
394
461
535
148
536
594
744
675
573
714
