8
100
209
724
712
660
162
773
321
641
469
679
395
522
695
572
585
517
592
708
171
553
776
161
569
454
761
607
304
309
683
458
675
300
385
401
371
717
793
683
789
743
547
694
305
216
530
110
635
164
150
221
757
718
117
523
120
590
476
396
631
246
227
254
392
334
624
764
247
295
230
144
679
655
671
745
286
576
644
387
747
503
615
695
739
766
685
183
550
371
730
144
556
159
720
186
576
544
510
258
100
118
