8
100
610
193
295
232
174
342
687
219
409
633
514
214
762
131
522
659
307
435
161
261
511
169
101
387
469
161
704
520
728
389
680
193
278
603
119
406
718
426
197
305
797
328
248
351
233
673
629
748
207
238
140
756
526
524
638
282
467
413
607
236
496
130
121
268
656
462
369
177
540
750
562
102
127
573
611
179
105
189
481
377
258
465
425
511
137
166
684
425
600
437
668
356
630
348
411
771
626
317
103
270
