8
100
441
471
670
215
233
670
120
494
180
758
246
522
456
430
606
792
674
369
594
189
373
769
371
199
393
734
571
192
212
651
775
591
362
539
271
598
126
670
384
312
300
272
676
213
541
600
230
122
376
480
502
438
404
442
654
749
155
711
752
717
339
781
255
437
355
568
163
281
191
328
449
199
388
760
462
611
781
476
208
665
117
651
407
174
750
747
617
329
202
709
344
382
414
541
320
106
353
755
457
337
