8
100
207
769
460
365
694
234
166
109
145
399
788
680
414
127
171
695
438
726
743
456
406
443
100
732
505
341
702
322
532
545
113
790
389
165
347
175
752
199
558
180
406
301
426
229
774
632
213
105
797
380
293
664
407
668
150
513
672
613
367
579
607
589
572
439
470
740
375
437
328
383
469
465
199
381
407
323
373
791
766
261
495
787
564
285
243
158
475
344
163
286
605
691
589
387
545
319
734
239
303
473
