8
100
449
116
105
670
660
494
314
394
610
653
690
388
245
267
152
254
453
403
449
229
217
118
248
666
272
234
632
297
613
286
237
272
286
544
398
664
166
714
640
660
286
208
668
318
162
698
414
407
686
433
272
315
585
642
102
335
774
204
505
628
464
301
784
356
461
137
569
497
328
539
223
526
633
729
727
180
457
171
223
692
698
602
555
601
526
519
669
142
336
362
690
202
660
157
583
759
556
143
377
191
