8
100
407
294
459
792
598
127
623
789
719
304
754
689
314
307
345
483
500
512
420
471
779
528
789
387
232
528
278
122
290
645
637
600
670
542
113
644
395
567
511
312
389
270
418
205
639
609
514
256
340
714
648
790
314
442
590
258
698
299
267
151
213
138
164
286
509
134
504
561
176
529
602
799
144
157
496
754
143
746
652
298
249
184
442
484
500
678
299
579
690
263
550
174
333
617
415
777
208
320
692
563
