8
100
607
641
259
450
416
264
209
105
305
700
170
104
144
458
444
107
638
443
469
268
321
367
450
542
426
252
364
167
125
705
537
134
344
562
300
216
759
315
321
379
460
111
207
273
197
723
485
286
593
496
554
689
539
178
318
234
661
213
591
555
658
316
172
217
327
620
106
157
749
199
410
197
757
672
476
623
581
168
355
453
763
783
109
771
547
796
743
532
654
371
403
260
614
433
567
298
491
310
489
647
