8
100
322
203
544
577
601
115
146
432
318
486
638
623
533
462
424
194
296
308
155
568
645
630
155
643
370
377
123
490
356
611
415
307
402
758
700
258
410
628
186
483
354
517
131
583
422
780
215
684
634
177
701
569
631
701
559
392
348
668
676
161
151
599
233
103
455
167
261
498
118
217
367
285
609
766
546
759
544
575
350
319
210
402
356
615
659
121
282
253
163
224
103
583
671
688
625
457
416
732
738
268
