8
100
619
691
379
509
211
787
145
516
346
788
499
670
625
712
723
185
291
243
407
159
653
581
207
603
671
156
666
452
430
337
522
555
577
101
793
535
541
680
623
721
424
585
320
764
268
609
354
519
199
594
541
411
742
582
795
565
515
743
659
118
393
762
409
211
155
126
236
142
198
664
298
707
630
171
249
708
534
209
349
641
218
782
635
256
126
775
284
494
629
691
640
697
597
639
714
191
338
614
570
755
