8
100
500
276
254
604
590
288
251
694
253
268
773
723
466
312
174
589
523
651
611
704
283
522
208
252
491
721
126
527
458
724
583
741
140
182
562
311
276
603
492
626
603
190
198
671
350
776
537
548
307
208
298
259
165
336
284
766
232
451
564
324
530
712
707
102
754
141
182
156
424
405
342
500
597
654
275
236
155
250
537
368
684
268
753
488
301
263
199
533
286
121
659
627
665
686
348
386
175
352
624
511
