8
100
799
428
157
528
522
678
631
509
743
396
506
477
143
260
590
672
494
777
106
491
499
455
777
247
309
453
565
308
623
303
219
402
543
110
169
509
526
125
408
518
597
492
547
766
140
472
743
645
673
643
708
192
375
371
284
450
721
363
201
497
660
484
205
265
790
559
161
726
697
648
638
745
675
791
156
422
113
232
326
404
271
322
643
668
211
585
475
179
624
573
513
237
114
485
200
275
774
569
242
150
