8
100
255
478
724
348
172
365
222
349
655
441
502
264
224
459
249
400
460
796
472
401
719
106
353
493
722
144
276
787
525
259
136
770
661
471
616
364
356
520
438
464
123
487
102
146
328
196
182
355
630
185
511
764
301
754
230
310
121
487
124
711
238
558
226
342
315
795
391
202
546
132
354
252
750
739
664
119
334
405
281
689
539
529
663
259
557
256
212
687
119
608
114
388
170
375
537
128
201
595
509
587
