8
100
270
195
534
188
399
100
125
164
181
388
531
222
568
530
578
241
205
602
780
651
307
686
240
507
593
437
735
661
309
238
457
788
117
420
561
102
666
661
654
348
628
259
786
549
519
684
795
351
393
593
546
735
506
138
329
697
759
537
742
415
314
315
643
380
192
138
181
711
431
105
506
637
234
725
136
261
388
558
626
395
250
351
487
472
519
324
496
126
578
453
776
265
205
211
145
794
778
598
556
633
