8
100
245
319
546
222
601
502
627
373
550
331
183
546
182
457
110
724
644
460
309
373
429
177
616
556
247
497
506
614
367
135
374
631
229
285
189
568
344
336
425
275
156
775
362
377
284
661
771
534
744
169
462
678
733
521
723
320
705
577
114
144
408
611
656
262
602
662
178
749
753
452
254
257
397
190
301
401
685
144
263
518
498
386
666
304
442
720
741
526
713
777
237
404
539
290
702
779
598
243
623
439
