8
100
103
745
141
401
548
785
278
791
657
301
274
445
141
380
411
490
217
395
510
628
771
206
339
725
502
430
193
465
744
789
246
598
350
736
783
136
567
252
500
755
274
122
593
140
498
279
604
234
711
431
754
242
191
157
248
317
271
583
654
524
449
628
358
674
287
427
394
335
773
736
647
419
266
394
435
743
412
282
662
560
338
442
548
680
115
173
136
145
206
410
167
799
379
669
740
116
199
368
136
317
