8
100
759
409
459
109
141
252
128
184
745
332
696
433
623
401
153
446
695
725
542
275
504
789
653
612
465
265
108
352
783
167
122
636
537
665
219
650
458
491
748
619
263
711
656
767
377
271
347
451
321
122
512
273
785
521
428
165
262
599
643
453
274
211
229
288
258
567
514
461
337
116
581
786
759
435
653
465
114
365
746
719
734
140
196
603
245
790
171
689
126
201
744
629
416
579
245
389
207
663
403
264
