8
100
691
229
400
331
390
615
263
662
518
553
366
776
475
654
323
306
360
141
401
414
583
105
182
125
259
620
188
543
676
140
187
130
533
687
474
676
463
580
521
123
720
675
614
292
451
251
151
752
633
795
326
592
196
136
682
352
710
787
739
638
753
222
402
204
258
271
541
515
124
551
239
682
614
498
532
271
613
166
605
197
581
498
474
274
766
271
345
459
292
228
139
157
634
370
597
514
150
229
360
572
