8
100
377
206
554
314
509
751
476
259
315
482
510
549
546
166
501
117
592
454
644
347
197
225
140
706
658
716
225
152
583
716
375
130
240
341
284
725
472
783
622
495
387
733
461
692
130
677
483
540
322
373
757
398
275
700
797
200
589
776
485
157
318
161
487
252
609
532
720
597
122
525
414
567
424
564
444
214
350
157
225
454
350
272
404
623
708
282
102
417
628
690
656
604
305
427
413
403
368
627
217
654
