8
100
494
430
613
403
498
368
421
179
237
624
714
497
772
332
629
311
731
327
507
566
476
439
198
178
146
471
342
604
677
644
319
767
783
119
584
574
437
603
265
401
306
313
554
754
670
732
548
702
511
225
288
692
286
447
462
631
664
306
181
249
745
621
540
340
653
538
641
660
102
432
100
125
641
782
333
670
366
512
398
777
717
426
736
394
140
497
771
421
538
143
189
266
577
779
396
483
388
133
544
685
