8
100
226
653
464
165
639
440
302
424
717
623
784
266
306
477
625
609
554
286
415
254
542
220
393
455
410
779
504
546
447
615
626
757
356
138
279
298
799
384
603
524
209
662
209
563
193
581
315
134
588
146
245
432
306
737
113
283
456
648
176
189
632
616
362
232
278
422
677
263
238
560
383
261
266
585
155
171
221
440
211
616
732
553
712
276
544
709
243
460
333
499
775
731
397
647
183
324
628
301
364
431
