8
100
716
589
471
522
356
149
209
620
203
366
467
100
469
115
454
508
421
413
670
208
451
308
511
182
110
658
250
182
537
375
388
671
737
554
488
730
359
368
277
345
536
140
227
772
699
395
209
167
471
380
421
601
335
266
397
542
377
720
283
122
597
550
193
267
711
133
438
612
109
115
533
383
106
277
473
161
749
690
792
319
617
234
685
329
286
202
525
351
372
368
331
192
445
138
530
544
224
574
782
192
