8
100
320
335
296
706
479
209
500
791
413
716
329
229
594
659
619
586
221
560
542
712
336
313
463
779
116
503
772
190
344
407
181
571
744
364
517
520
304
127
461
356
569
188
689
722
704
470
771
672
435
604
455
134
375
379
419
446
406
365
400
163
351
609
299
148
119
209
765
431
715
566
440
743
537
401
401
529
243
762
356
535
794
387
626
364
266
362
799
420
649
541
662
511
108
340
605
739
132
417
797
461
