8
100
406
101
577
775
686
799
350
232
559
313
384
373
279
198
259
230
338
603
274
171
730
365
459
681
390
789
446
624
323
488
233
578
582
216
409
751
245
159
456
458
354
211
734
592
731
426
432
650
472
232
601
152
713
642
354
223
573
314
253
455
271
212
254
141
218
722
644
391
286
350
344
110
645
200
288
567
685
220
677
326
208
526
510
158
795
797
789
428
342
552
195
756
389
302
752
549
301
765
342
418
