8
100
521
411
313
796
657
606
190
651
717
335
760
552
562
227
173
310
456
413
185
138
153
448
776
663
268
107
558
310
317
363
160
568
433
332
177
216
461
699
703
247
625
311
330
545
267
659
238
245
269
718
740
377
741
377
114
369
289
534
614
337
360
569
639
745
656
193
398
140
328
777
732
767
741
538
723
347
719
425
372
145
361
360
655
605
133
566
250
658
134
260
145
709
242
733
718
198
426
191
385
241
