8
100
500
198
201
400
361
166
420
254
145
147
548
536
279
483
301
566
396
394
666
756
352
524
451
344
724
768
722
211
671
364
298
257
177
275
541
473
375
131
504
766
528
255
662
278
104
360
519
370
318
524
584
781
245
238
328
164
117
429
515
302
585
758
102
686
766
596
326
281
657
167
550
162
228
481
600
724
793
620
464
464
243
120
177
552
374
120
572
455
372
480
712
758
281
582
390
540
449
305
718
546
