8
100
244
289
386
405
598
625
264
391
553
497
210
637
443
523
521
116
237
313
304
680
381
151
154
413
714
740
108
470
259
322
576
192
696
385
645
785
195
329
760
784
745
715
675
791
233
392
389
684
122
795
545
502
689
614
211
106
638
448
437
420
401
625
281
633
699
602
720
491
584
637
318
660
560
138
195
454
273
389
749
653
577
444
656
187
178
203
261
696
152
161
226
764
234
629
358
136
187
435
719
599
