8
100
539
575
396
748
731
425
444
589
729
640
743
532
653
382
352
467
528
489
303
674
608
425
147
261
460
301
293
676
338
277
306
288
622
133
189
356
735
419
441
658
335
274
179
204
686
331
352
223
594
188
112
323
229
255
375
427
215
275
547
784
199
131
331
756
391
110
304
576
482
659
577
488
136
199
315
755
359
138
255
445
137
229
473
594
261
429
446
539
308
115
680
732
718
290
314
124
131
352
500
728
