8
100
743
168
124
261
314
125
207
322
776
480
404
331
534
630
461
211
209
327
468
267
684
651
733
145
612
254
435
771
415
191
663
153
149
511
607
582
348
534
252
579
238
701
422
337
331
391
215
334
291
131
205
112
481
456
224
749
172
266
115
479
142
249
664
318
541
175
500
745
330
573
180
658
406
378
141
716
585
358
230
548
275
405
107
337
719
515
529
485
406
536
601
746
469
786
106
236
451
758
614
422
