8
100
370
314
151
535
179
221
501
152
206
177
695
261
785
101
318
574
372
640
281
329
243
284
248
407
258
375
439
708
402
475
116
521
406
214
432
455
233
614
462
353
753
689
409
174
379
516
783
358
287
287
355
258
709
229
588
257
195
704
441
545
663
379
449
789
710
184
676
661
306
423
246
558
764
182
551
378
677
397
223
589
438
104
796
659
636
565
632
472
613
462
226
509
718
373
687
113
516
422
292
124
