8
100
453
413
391
489
580
508
255
623
471
129
174
486
795
295
643
564
486
218
558
533
211
214
425
142
419
564
141
277
245
570
442
693
116
577
338
729
309
670
317
192
397
249
122
418
265
578
210
609
605
504
579
642
776
762
469
555
354
742
351
211
147
344
574
533
586
595
197
711
290
251
194
490
413
273
535
535
759
768
234
162
272
217
390
151
508
477
383
130
172
748
555
341
340
122
166
768
748
314
427
454
