8
100
341
469
358
176
647
114
610
635
703
731
782
528
673
646
339
628
738
233
301
543
364
615
146
307
544
434
492
740
613
501
346
482
141
220
142
207
306
487
739
706
525
460
501
448
182
111
257
320
513
149
728
134
376
718
125
213
595
266
342
355
773
202
698
364
487
614
275
766
655
368
420
191
175
181
421
639
452
272
369
309
274
282
682
616
695
776
411
773
266
713
623
253
260
696
247
728
260
797
517
475
