8
100
382
167
575
366
534
661
626
697
363
284
389
781
772
757
355
410
675
648
657
458
647
555
244
441
435
752
443
452
156
409
283
470
260
495
402
552
273
551
125
489
516
533
321
344
494
744
131
462
266
524
175
256
588
630
327
668
424
179
475
506
246
780
746
653
598
319
515
755
136
246
383
280
149
415
129
457
148
411
345
782
635
345
736
607
444
433
700
203
560
740
787
594
410
404
124
763
630
537
324
647
