8
100
159
785
629
439
661
298
604
238
161
369
651
198
158
221
337
780
362
243
647
308
589
508
699
586
724
173
263
778
167
558
334
570
253
685
384
711
535
705
698
214
158
602
676
754
103
458
109
716
698
208
643
644
711
259
396
440
122
190
675
260
264
427
247
169
637
589
299
678
100
112
463
653
342
451
626
308
423
446
104
158
589
277
504
159
665
686
344
418
725
271
366
680
529
670
614
686
545
696
483
711
