8
100
767
694
599
731
577
270
123
570
399
164
437
515
177
761
432
262
520
455
759
523
387
482
564
232
565
107
686
239
299
410
740
167
419
521
574
344
326
352
492
423
764
697
266
258
457
695
412
273
631
391
143
594
603
652
403
358
550
467
770
705
249
720
731
234
798
440
445
441
203
223
268
126
352
231
458
489
148
467
353
578
737
518
530
633
389
184
231
695
776
278
571
795
103
792
211
606
439
649
324
691
