8
100
683
197
314
789
172
255
531
545
561
290
499
588
759
287
314
503
308
438
138
373
747
548
603
271
152
304
591
618
459
424
791
616
247
482
424
365
315
404
457
346
317
745
670
378
483
332
420
160
711
396
267
682
531
459
281
203
652
718
619
223
474
387
179
409
685
424
336
713
425
125
439
153
229
205
495
680
246
438
521
706
729
284
778
722
600
391
771
679
398
763
531
351
494
509
670
574
178
571
510
450
