8
100
676
100
781
786
717
340
547
205
175
580
656
371
474
273
688
311
720
213
410
594
302
353
705
538
255
607
477
501
605
420
731
137
680
620
426
334
310
541
209
426
488
218
714
477
718
665
345
241
724
120
231
403
251
270
254
485
428
751
155
432
409
115
114
276
493
488
100
672
513
486
111
103
506
216
566
676
154
151
795
771
504
174
486
487
253
206
624
249
624
303
383
292
600
228
519
326
749
602
614
770
