8
100
647
696
800
742
633
366
280
697
145
362
658
747
134
159
747
108
536
167
765
101
592
777
285
474
743
181
565
124
497
782
753
778
669
351
564
351
196
193
340
493
136
156
576
285
130
136
225
638
644
353
780
446
489
390
723
624
111
529
661
620
162
438
229
701
234
152
770
211
586
518
483
212
529
319
264
692
497
573
604
748
788
606
767
351
480
600
248
182
725
118
406
243
516
302
661
739
328
644
477
342
