8
100
671
462
235
280
430
476
385
126
180
743
514
629
379
101
646
185
629
666
783
758
341
222
611
355
277
202
780
399
770
531
156
657
108
251
255
653
115
423
744
555
680
193
721
135
779
749
171
707
369
336
198
231
357
664
624
510
633
170
571
541
397
779
619
557
748
114
231
634
445
708
262
180
262
466
736
394
494
120
197
605
753
353
148
376
635
492
550
398
565
184
398
748
710
550
584
721
771
597
621
247
