8
100
736
745
226
766
576
313
227
612
260
264
738
267
707
164
298
482
759
198
499
547
132
739
264
762
431
698
105
161
735
246
249
736
374
217
342
610
467
276
735
706
737
769
429
381
706
547
114
239
361
565
471
211
301
656
645
622
644
677
410
623
128
433
391
306
275
478
373
185
634
285
579
162
496
797
324
759
789
149
346
328
544
768
412
143
538
543
593
556
108
278
623
134
448
113
126
569
373
322
427
567
