8
100
274
110
492
683
784
513
660
421
310
281
187
621
745
261
775
247
679
694
349
486
451
781
646
201
364
538
260
673
473
717
482
706
555
104
795
317
251
696
155
399
784
442
557
449
549
175
247
687
684
204
442
137
305
590
299
492
335
195
478
345
482
106
564
105
618
229
179
779
213
269
257
133
760
171
299
234
658
753
704
452
788
293
372
451
447
413
789
552
475
220
472
161
237
433
109
592
396
683
157
339
