8
100
452
482
508
390
648
113
424
180
735
252
388
724
765
260
253
236
180
622
711
707
415
764
729
203
651
551
750
765
770
566
474
358
260
452
315
417
120
239
224
248
718
443
102
725
534
235
374
438
683
696
645
441
501
534
631
757
314
388
560
563
182
298
360
654
216
153
403
477
366
317
341
244
394
326
212
414
712
562
314
659
601
599
564
396
102
532
728
199
688
368
120
587
496
306
293
280
254
483
180
243
