8
100
175
381
101
235
330
607
325
534
197
301
736
300
184
554
205
679
753
205
159
770
103
669
600
430
447
430
513
474
446
221
548
219
432
668
271
135
797
111
499
446
560
313
197
619
312
420
566
426
430
217
188
481
171
755
168
144
441
237
328
520
430
605
492
603
739
280
537
627
363
390
628
668
168
664
219
134
223
408
733
226
123
355
717
269
183
487
272
530
698
130
759
298
690
335
473
349
328
117
306
681
