8
100
711
695
575
341
507
173
111
288
267
155
451
697
543
609
328
325
544
620
429
494
207
594
286
363
345
420
269
100
150
630
232
710
502
213
446
549
420
222
601
413
718
540
390
392
112
332
261
413
620
769
247
247
523
223
369
395
109
147
521
350
595
616
516
533
410
254
326
203
771
533
480
444
219
446
542
326
541
455
573
239
257
312
655
507
193
564
596
170
118
719
513
149
465
399
183
280
721
663
677
725
