8
100
569
125
720
746
627
366
329
404
767
671
217
608
733
626
272
157
307
398
735
306
332
489
147
389
393
251
491
635
195
796
585
256
400
354
167
605
142
339
652
110
326
359
454
593
789
420
299
444
444
499
302
594
400
292
717
141
249
537
775
570
139
313
479
330
212
114
494
101
221
197
796
529
725
503
197
133
254
762
262
398
353
756
278
530
298
779
112
793
387
151
443
422
511
126
363
608
290
654
760
657
