8
100
366
297
287
577
110
256
205
207
437
399
790
490
657
205
145
676
617
360
461
371
482
578
531
255
713
405
369
164
800
186
379
146
282
117
718
307
646
169
118
113
380
183
498
682
730
148
538
238
407
645
636
258
285
673
337
572
566
547
141
252
220
773
678
779
106
391
664
269
663
407
632
494
476
382
537
760
619
114
332
369
772
782
730
562
414
665
623
322
189
152
298
762
650
606
609
588
471
615
233
133
