8
100
336
136
119
229
208
697
181
588
471
264
589
108
552
774
483
538
498
202
372
223
767
197
259
417
794
571
754
565
534
274
144
767
782
646
758
213
158
438
786
696
686
108
292
493
220
703
391
330
478
794
502
419
521
612
680
464
228
741
619
551
436
289
231
106
455
143
407
538
665
788
437
336
375
302
521
172
779
240
248
448
354
471
749
440
273
509
728
404
156
307
364
367
319
536
498
484
693
225
578
173
