100
400
40
475
420
379
741
915
569
496
394
879
788
523
724
601
72
1
170
465
402
48
591
390
973
239
823
108
225
191
264
797
920
583
934
629
147
59
230
541
599
120
884
158
69
169
859
833
645
347
886
739
147
548
323
99
816
227
775
574
271
655
378
639
577
391
275
507
486
979
910
658
145
920
594
298
211
126
56
621
430
908
259
993
261
245
61
931
178
801
905
522
11
768
266
859
316
889
588
10
349
159
835
677
600
506
742
220
710
181
593
496
912
87
332
958
180
843
237
462
538
656
739
255
958
580
20
407
792
511
149
489
775
99
487
76
109
585
902
771
34
973
479
962
746
98
570
269
928
514
810
909
478
257
350
777
200
712
122
488
95
372
721
36
413
922
538
297
769
149
387
555
443
632
252
546
195
591
663
533
441
821
76
474
977
168
871
221
181
304
20
284
341
783
20
805
737
801
686
520
614
530
908
394
225
425
999
242
355
34
234
418
228
325
921
469
47
179
555
551
396
324
26
946
488
648
932
664
589
199
624
35
605
658
873
99
468
649
7
963
55
309
521
222
978
539
104
996
301
950
98
361
884
947
224
909
466
140
326
822
589
531
521
128
402
90
503
846
386
672
362
746
659
1
141
211
521
420
60
840
649
95
596
301
723
137
177
352
305
435
846
456
847
785
8
43
639
187
174
356
681
791
68
410
596
265
148
719
96
817
524
220
631
137
456
907
814
371
941
277
600
831
516
238
570
476
174
43
534
365
410
274
640
398
62
57
898
69
727
395
84
461
547
497
342
118
658
597
177
65
828
182
340
814
697
553
794
127
751
94
763
330
395
640
220
441
262
680
524
881
809
890
333
251
420
278
913
150
576
688
186
719
80
60
401
782
67
902
317
97
489
713
121
721
593
626
246
510
529
103
211
680
