100
400
336
236
519
249
460
509
353
367
717
976
270
872
624
467
78
984
639
738
49
693
290
961
989
863
344
98
213
460
385
555
958
248
309
728
997
235
358
391
937
973
259
167
320
397
217
420
228
110
976
516
283
232
608
873
110
154
450
832
507
305
487
908
951
612
997
361
619
88
787
842
254
613
639
838
782
80
185
529
96
697
135
172
770
342
15
257
978
1000
964
763
552
505
836
590
738
757
984
577
55
957
892
308
608
427
668
493
816
430
320
974
600
264
71
730
635
667
694
431
560
996
888
21
765
106
800
348
955
246
538
487
205
975
642
178
449
36
470
721
971
359
414
701
427
886
183
626
65
976
199
505
828
398
540
456
392
78
307
591
101
747
877
311
30
839
731
889
330
469
317
247
322
815
397
675
840
520
775
657
603
418
698
287
111
858
831
107
745
117
255
728
725
443
797
58
355
560
724
607
477
347
790
569
924
819
650
33
962
34
580
444
129
489
785
105
775
437
908
42
83
418
763
9
426
677
563
983
48
229
329
726
394
479
308
96
289
690
849
162
644
484
53
788
63
900
314
159
631
835
444
85
622
243
838
612
31
610
368
693
43
8
580
191
804
147
266
290
18
766
651
692
482
339
560
167
805
68
77
201
288
758
726
530
614
441
725
122
575
274
553
174
129
615
355
701
312
726
777
735
658
16
737
656
391
281
887
890
845
321
160
506
383
651
682
71
753
450
679
305
143
591
245
186
227
574
225
37
246
450
238
988
364
140
204
452
84
911
559
585
83
729
653
722
900
841
355
773
145
759
240
132
581
456
751
864
95
40
454
553
726
465
168
239
388
391
372
12
262
868
559
886
586
560
38
400
831
178
866
885
352
553
279
123
492
501
524
780
546
176
921
457
257
935
370
13
3
592
435
468
872
888
