100
400
829
385
325
229
971
140
851
668
491
460
214
725
708
186
913
58
962
886
913
97
800
352
150
772
465
820
907
437
780
531
32
874
352
536
788
920
481
43
586
297
305
685
166
36
889
225
483
837
30
975
189
263
681
42
872
141
956
765
540
252
386
991
675
286
290
27
693
267
149
897
974
105
702
986
800
567
851
693
323
583
418
710
409
146
781
761
902
271
109
869
640
873
853
454
634
466
506
868
535
368
794
236
171
724
839
17
400
431
923
744
679
220
927
249
395
650
865
227
161
379
850
830
607
639
766
789
376
35
551
150
758
677
962
903
369
642
117
480
6
326
158
162
22
635
435
540
903
318
799
749
302
169
540
401
870
642
505
554
606
548
660
997
915
893
449
342
428
906
716
99
267
665
948
725
163
527
699
648
575
907
219
488
697
414
968
993
701
618
954
849
227
841
983
831
17
486
794
635
899
409
381
633
143
423
755
801
947
356
802
282
379
127
355
916
144
337
768
806
24
255
996
147
244
43
168
375
19
806
606
751
393
305
451
278
701
104
570
176
232
859
366
851
613
916
500
190
518
466
975
458
257
777
886
704
487
254
636
668
378
977
211
46
837
127
349
182
6
231
62
705
433
185
225
498
312
440
802
448
189
506
680
658
47
753
996
982
228
303
569
534
267
364
92
910
765
185
879
954
414
237
496
68
204
842
329
465
975
839
107
323
286
117
620
143
995
118
239
528
977
337
259
545
153
225
524
553
870
505
54
770
29
686
41
947
505
75
435
832
310
866
346
735
249
430
457
308
536
395
277
676
948
339
93
217
512
278
764
952
982
412
670
603
312
528
848
365
319
236
677
868
511
409
827
441
932
561
1000
939
234
652
73
928
866
803
493
502
282
314
440
57
673
34
384
465
887
416
976
24
16
843
