100
400
425
138
105
598
541
452
832
756
699
314
358
132
321
368
935
831
466
621
73
506
215
715
136
951
116
535
818
627
216
487
778
799
58
61
685
573
181
149
626
835
848
184
329
257
583
206
262
206
177
816
327
27
287
221
940
613
369
349
393
908
246
930
102
574
808
80
8
770
74
479
959
87
230
382
441
658
888
880
273
303
677
820
523
232
926
184
875
441
51
759
772
381
389
113
105
153
159
263
360
364
169
674
138
478
400
701
730
686
355
698
71
631
600
551
419
323
924
467
247
553
558
646
558
707
475
231
880
594
830
884
978
786
695
865
349
619
677
802
137
72
782
867
312
59
669
615
532
43
417
290
569
886
768
711
922
346
311
536
640
376
22
334
816
187
852
197
791
902
982
818
557
62
423
838
902
448
816
815
719
426
67
498
182
464
282
807
972
827
72
779
797
302
911
760
167
697
706
409
423
572
998
810
710
106
868
664
607
958
703
521
873
200
508
934
168
148
19
470
824
447
43
717
105
804
513
227
379
908
894
52
677
781
837
623
4
148
908
296
861
556
955
263
981
463
941
838
401
661
699
691
726
644
794
629
421
259
56
4
646
663
406
838
617
959
457
112
616
844
127
89
8
999
308
39
289
792
712
384
586
359
119
578
258
892
798
696
778
538
613
118
687
485
913
837
486
79
153
501
947
72
231
957
496
363
268
695
248
395
639
417
927
777
875
95
881
227
683
898
314
66
566
781
79
485
500
180
482
671
1
408
846
869
582
550
293
253
662
614
694
926
39
121
717
103
375
510
614
440
817
328
294
587
928
889
15
407
379
996
617
122
200
234
325
712
563
198
165
911
908
869
383
883
484
397
816
574
124
882
427
935
61
548
244
407
838
74
484
463
207
663
800
901
167
694
535
350
382
11
798
283
