100
400
914
972
199
789
815
922
522
373
188
76
20
675
382
70
359
195
227
393
438
796
8
267
740
679
653
209
338
319
561
8
176
881
220
136
674
779
624
347
902
150
440
739
49
410
446
85
679
99
577
361
299
249
734
973
546
994
561
473
76
704
402
407
674
911
337
186
180
311
570
114
618
638
875
561
129
63
164
875
994
451
604
649
15
421
230
755
390
58
579
979
529
56
246
967
932
896
312
861
179
211
787
961
64
721
610
353
732
758
743
970
828
423
260
82
659
225
169
105
962
118
411
460
83
648
654
623
624
604
515
956
663
347
570
603
988
664
920
9
396
308
715
755
171
767
58
693
362
166
876
421
111
91
325
251
134
684
37
846
689
482
898
644
432
799
705
547
872
823
891
664
676
471
641
877
951
269
698
995
86
777
166
418
927
830
484
419
781
927
985
415
9
581
531
541
317
432
430
998
356
603
690
691
723
613
16
936
465
218
485
185
453
405
926
609
736
721
377
260
91
784
204
581
7
552
254
142
829
416
67
635
743
460
793
993
829
431
224
20
461
864
375
388
487
661
371
525
514
721
90
289
685
853
187
393
726
747
436
365
556
915
580
848
120
743
513
695
82
50
195
748
88
705
719
615
729
979
955
61
372
940
715
651
878
790
674
588
895
537
11
780
784
522
751
615
995
491
877
75
460
437
479
708
437
529
6
589
602
396
500
337
491
786
910
854
764
877
518
990
344
560
777
636
136
759
192
223
11
732
594
467
759
802
718
826
29
24
262
889
880
708
955
975
340
40
532
311
64
26
366
236
327
627
371
312
2
234
420
416
987
139
957
826
371
704
444
718
405
358
661
849
120
387
828
123
561
966
586
100
548
131
305
63
987
707
405
934
722
215
173
934
96
211
388
825
211
206
295
114
203
86
