100
400
842
692
819
776
646
899
992
142
218
91
381
79
76
996
666
861
757
315
49
465
744
242
585
536
307
94
184
920
929
428
83
690
586
589
435
73
732
94
496
527
822
332
949
394
857
228
848
810
503
37
874
29
219
892
424
262
234
960
264
844
423
781
598
603
519
165
951
448
127
319
220
942
962
584
129
991
542
915
662
344
480
115
239
906
241
720
387
140
974
948
653
769
473
304
837
973
742
808
498
451
530
760
805
915
18
398
450
683
605
819
863
315
969
697
787
987
277
570
451
573
251
727
980
314
764
755
161
588
531
584
227
65
122
391
368
649
915
639
427
593
78
769
590
318
265
721
497
293
898
772
197
611
902
562
630
66
82
543
690
857
552
344
740
582
555
84
728
406
132
476
832
793
921
130
811
93
141
762
444
365
479
894
748
234
49
274
225
312
893
223
976
703
77
454
897
734
493
336
495
263
21
810
230
494
176
785
690
282
135
952
607
162
36
11
651
455
273
799
296
461
438
930
792
815
262
373
735
306
970
182
227
759
941
564
59
102
248
596
779
19
569
165
808
358
165
147
731
368
430
318
37
259
253
545
18
458
938
786
83
440
712
352
945
34
860
202
876
312
582
876
567
217
304
609
257
503
955
69
450
832
352
285
68
50
223
265
46
196
152
910
845
237
139
263
138
189
255
64
926
487
988
920
82
892
76
457
566
41
982
391
617
918
192
517
45
133
10
20
182
494
10
706
266
235
823
858
760
544
474
306
906
623
831
843
945
918
316
557
641
669
568
563
455
652
803
901
549
606
121
335
325
971
870
757
541
36
357
224
571
453
167
736
113
90
531
314
711
18
759
587
980
986
14
526
508
660
40
930
935
155
962
717
836
76
853
170
647
547
893
686
332
942
738
288
52
780
31
804
242
703
