100
400
932
307
562
128
913
908
295
747
255
886
769
542
945
283
406
174
155
131
858
743
510
895
56
991
165
239
533
535
173
427
384
293
112
564
607
830
710
923
342
7
172
32
179
651
545
132
300
531
318
165
250
756
812
248
512
157
500
499
8
969
792
340
816
871
477
823
475
251
307
458
163
180
209
499
550
294
299
333
500
689
100
11
289
481
493
141
206
300
526
999
100
121
414
918
241
195
738
830
5
543
538
546
982
441
605
137
67
241
835
332
534
712
197
201
272
589
946
472
521
373
354
77
754
153
965
772
982
620
63
190
404
516
615
909
863
737
500
176
8
370
250
393
65
761
32
160
532
835
508
742
19
375
68
378
394
580
323
88
79
58
887
309
103
16
692
242
400
765
774
129
336
815
821
9
337
876
85
314
421
190
314
891
426
294
669
457
186
138
79
858
425
615
983
825
195
91
400
136
386
111
233
773
127
163
144
12
198
697
352
765
273
669
23
104
947
67
101
939
590
806
915
544
606
99
298
26
347
262
239
469
967
751
131
940
736
246
985
245
628
80
284
553
190
625
861
262
545
676
265
74
205
151
59
541
283
163
837
693
254
219
375
34
338
465
41
995
964
663
929
697
378
819
924
585
335
415
669
561
857
141
341
673
158
680
427
883
243
29
385
525
106
390
219
741
865
515
707
518
804
858
36
218
136
910
644
208
901
962
7
592
860
600
584
322
191
732
857
360
297
770
851
387
191
357
505
170
483
924
200
940
415
496
158
710
282
756
831
57
343
306
871
827
960
78
577
626
634
314
811
311
556
332
168
491
691
957
4
949
396
618
822
915
331
89
489
673
401
893
153
328
106
581
824
711
577
757
269
533
647
433
890
586
969
679
371
54
297
685
18
621
707
470
691
795
451
794
179
176
539
135
