100
400
849
742
394
398
238
259
299
477
654
518
266
807
978
528
891
938
758
331
558
531
345
687
23
19
742
769
760
163
773
45
543
514
930
960
247
308
549
55
952
637
19
636
84
844
485
439
445
144
525
94
694
975
848
210
914
558
348
441
456
844
373
140
178
229
441
353
190
100
335
462
75
473
768
136
881
224
62
775
731
54
840
74
254
129
737
231
710
715
627
522
390
351
134
674
359
184
434
826
200
569
252
803
487
898
839
337
332
587
965
362
373
97
151
520
644
504
441
15
193
869
21
31
848
455
561
639
279
140
677
119
641
944
485
42
298
472
375
176
850
683
20
830
916
237
795
521
875
180
568
800
567
587
918
791
599
595
392
750
265
703
456
769
153
13
1
473
625
925
87
488
399
739
670
212
222
759
556
663
280
72
508
402
969
131
208
135
891
46
936
212
608
790
486
993
41
265
686
595
597
689
520
379
470
520
499
46
36
377
357
300
9
823
626
606
531
518
870
831
417
54
133
595
506
381
761
197
658
70
235
58
375
581
945
4
724
257
648
962
864
807
210
405
3
617
763
270
243
322
458
138
638
514
880
75
437
101
718
399
179
529
913
173
739
335
810
710
383
721
131
139
702
225
605
1000
526
321
774
315
656
142
691
130
118
875
158
874
70
267
541
493
537
766
465
667
826
184
177
445
416
281
631
187
868
226
278
117
375
798
874
812
882
322
40
987
10
229
514
994
279
5
996
728
433
589
65
32
65
45
825
786
980
34
4
923
13
465
413
743
877
961
564
83
113
559
567
238
892
949
54
791
708
472
305
670
4
772
582
961
996
464
279
815
335
645
528
456
920
73
291
491
207
596
487
876
280
935
339
842
20
476
684
178
843
63
80
406
248
318
283
819
612
665
379
598
840
187
272
724
528
778
