100
400
701
974
507
289
266
967
774
929
212
43
583
52
211
673
784
267
721
331
770
770
577
510
374
40
73
529
278
136
587
260
375
531
316
66
994
988
31
585
414
516
196
449
719
759
855
919
325
802
430
974
974
189
681
366
907
41
240
421
274
977
713
532
798
843
315
69
769
160
661
985
12
236
506
478
133
984
617
336
56
30
351
866
517
387
53
654
185
929
595
526
637
433
482
609
708
899
493
407
302
388
509
312
269
716
930
51
262
53
557
632
167
921
398
298
641
130
718
258
230
303
68
441
894
437
680
854
554
169
167
128
550
136
886
358
390
110
167
995
318
839
795
957
773
816
6
488
295
647
180
42
301
715
26
842
735
687
489
343
546
106
408
50
904
241
147
48
821
182
57
81
691
246
436
11
564
908
713
263
929
514
499
489
74
781
291
973
229
674
630
232
936
117
9
922
282
592
183
628
800
69
921
484
253
794
993
213
325
330
541
789
700
830
897
435
428
738
266
339
530
517
825
671
327
824
472
254
836
285
98
652
5
859
534
531
565
819
432
297
255
716
63
569
694
709
280
194
745
551
453
286
880
543
515
178
147
853
225
750
219
182
845
489
219
469
140
93
10
264
201
984
360
831
191
165
480
410
873
498
173
332
463
196
588
849
429
246
940
733
613
134
327
80
132
184
377
370
190
28
232
165
970
370
201
535
242
951
270
956
446
27
278
454
243
473
720
672
553
263
300
698
824
384
292
730
907
456
343
251
41
310
775
407
696
866
769
253
242
343
104
892
900
734
685
635
264
996
14
235
1000
610
391
92
440
759
613
699
671
126
124
851
986
96
427
632
839
315
389
753
164
144
747
623
795
535
100
739
776
85
514
664
78
574
683
811
867
511
841
172
836
467
813
877
419
392
504
441
175
119
371
156
