100
400
18
563
601
864
566
82
993
730
315
977
185
89
788
460
902
95
14
212
223
168
259
986
914
994
117
158
712
83
977
838
75
908
3
977
407
798
308
137
758
432
982
620
650
151
467
824
265
985
482
882
57
290
373
317
647
374
911
971
578
399
536
282
382
626
978
164
785
432
353
693
159
34
80
167
433
732
230
847
181
444
401
970
787
524
712
660
630
409
841
333
135
675
783
198
198
23
746
542
732
845
461
90
966
960
396
633
510
840
785
812
424
635
128
591
716
879
521
846
421
620
570
531
550
149
83
157
774
770
698
597
389
723
755
19
107
64
358
838
717
165
480
553
363
211
698
747
233
679
265
864
46
308
621
335
286
74
414
577
477
750
964
304
567
656
974
78
128
650
989
581
910
776
681
604
392
113
245
560
778
604
454
433
75
727
536
203
551
911
665
35
617
641
534
387
189
651
12
746
341
982
260
9
446
950
417
741
770
360
413
545
435
559
160
924
938
827
129
746
951
335
517
470
471
457
472
689
215
426
668
260
842
751
861
4
362
108
37
718
977
269
963
143
281
115
540
767
48
180
864
996
737
981
742
141
298
775
876
92
684
91
690
745
440
915
361
671
76
897
184
976
219
468
311
349
844
131
768
126
210
220
715
417
456
286
719
999
340
877
30
811
192
925
134
604
505
811
201
64
526
156
372
900
4
492
684
845
924
947
783
800
926
199
466
192
771
337
638
154
413
8
768
61
625
906
189
456
621
292
155
464
30
457
885
859
463
710
517
914
5
410
560
229
935
360
596
473
878
586
211
291
81
719
853
638
566
417
718
61
719
623
565
870
222
984
439
793
461
384
192
347
879
387
72
33
273
460
888
303
451
777
869
536
931
108
195
630
833
274
431
932
204
791
733
866
422
633
444
339
387
761
