100
400
796
326
724
367
113
647
136
604
194
728
960
148
939
325
97
62
240
777
375
682
917
650
165
676
7
57
268
349
574
87
777
531
199
524
402
420
146
108
893
838
98
80
503
912
288
751
824
836
110
965
169
994
544
917
553
158
988
16
208
747
281
953
650
775
648
173
545
590
941
28
734
959
965
997
2
289
500
654
761
171
659
569
869
661
738
757
998
450
726
241
757
337
827
542
464
510
972
637
350
504
649
751
685
109
559
356
222
282
303
522
668
205
477
251
79
307
886
268
208
625
157
813
863
851
406
49
978
623
411
116
492
708
794
799
166
185
526
269
378
68
291
960
576
107
494
356
466
853
70
671
387
317
374
273
764
680
945
921
811
837
387
154
513
661
347
444
310
888
180
924
499
651
994
230
964
623
259
284
649
421
767
772
999
238
325
745
683
190
213
122
602
710
887
620
819
370
1000
533
791
826
892
747
621
594
224
817
475
921
429
334
453
791
527
995
80
623
248
30
721
710
615
43
181
902
866
453
167
751
926
821
850
32
485
485
928
131
225
56
632
966
251
193
523
243
977
307
288
498
836
891
72
219
405
973
287
470
420
199
298
501
120
49
665
240
465
547
942
369
950
224
533
433
40
377
612
539
658
86
941
278
365
441
93
718
949
273
415
995
812
479
399
164
829
482
79
786
101
9
12
493
638
935
649
256
177
344
283
336
311
899
107
925
766
631
472
941
287
270
902
576
155
977
341
52
913
815
399
121
53
606
82
374
409
543
312
337
173
259
861
104
782
756
226
487
396
899
684
96
777
851
562
983
807
235
732
699
244
316
730
736
386
330
642
460
434
893
565
899
859
882
77
418
327
283
991
335
230
543
906
383
235
268
944
234
805
748
838
108
960
592
974
126
429
827
571
904
403
380
334
371
