100
400
857
649
126
942
795
665
890
46
296
692
890
33
469
211
544
510
202
198
733
19
923
471
965
218
190
788
847
632
634
606
334
276
138
1
758
602
269
979
261
209
729
465
328
791
16
59
879
644
816
596
695
597
127
514
18
480
528
994
574
352
91
339
645
613
635
784
610
645
855
850
709
327
945
251
4
630
952
290
393
756
655
7
940
176
102
996
884
399
975
593
327
68
294
65
647
683
474
329
565
143
767
370
511
407
316
448
764
859
258
70
742
240
932
779
406
886
180
29
667
959
422
25
772
288
57
940
296
402
442
96
367
527
716
75
777
602
991
123
814
783
794
715
866
876
941
520
523
625
188
355
953
2
681
962
559
794
889
602
456
919
604
727
773
991
862
402
995
547
917
810
135
28
924
571
862
386
920
10
515
845
547
799
765
910
72
63
412
84
497
566
301
450
898
330
88
378
942
374
491
596
575
720
818
328
262
469
333
880
187
290
612
963
237
407
602
318
789
566
424
258
948
388
89
233
572
331
244
283
780
965
664
923
760
593
358
934
255
361
306
102
211
870
124
646
817
87
479
909
928
993
961
184
736
721
45
927
687
937
578
188
764
42
572
719
399
597
118
142
282
416
99
823
481
349
855
558
216
839
463
899
159
125
455
407
250
328
451
523
890
375
824
424
715
377
596
967
233
24
877
241
823
801
267
459
92
953
585
273
576
162
608
846
836
285
594
993
25
495
972
679
517
578
85
84
894
245
306
17
327
267
981
753
669
594
770
7
760
507
66
573
257
443
856
675
78
595
821
230
92
981
510
948
186
260
243
715
474
451
655
39
478
879
869
708
199
797
76
724
947
459
937
550
249
968
170
52
385
964
633
687
621
356
865
39
154
442
840
28
619
553
369
368
19
422
367
119
951
420
773
820
