100
400
34
774
684
803
178
480
680
426
455
837
112
163
589
830
439
226
817
466
491
694
284
177
556
300
339
857
692
379
369
661
470
2
945
607
518
582
817
246
251
93
426
684
93
579
292
177
14
758
968
65
862
750
359
476
87
906
210
677
915
270
236
544
412
161
724
698
156
955
341
451
727
351
293
687
387
97
608
752
820
590
681
577
504
914
905
404
811
929
500
35
993
746
11
80
815
774
311
657
950
684
833
905
866
498
652
29
489
63
72
757
717
307
985
657
425
569
955
582
422
719
137
374
773
368
738
586
165
223
272
7
832
239
490
597
624
957
622
430
481
269
538
510
627
126
801
764
246
989
727
112
568
685
612
826
599
48
467
403
476
651
389
730
32
731
381
148
161
504
668
663
723
345
493
517
844
694
604
144
330
169
281
395
28
161
795
474
160
799
271
580
840
768
963
454
772
846
208
25
251
606
895
621
50
992
345
618
333
460
48
939
498
73
20
131
274
66
45
857
787
945
836
842
571
896
67
1
749
447
814
469
182
883
105
726
630
357
492
879
159
814
125
486
799
257
88
360
598
722
529
242
191
504
461
178
168
636
236
668
974
987
261
773
743
868
916
205
417
750
139
195
529
138
153
30
406
118
953
694
66
68
641
819
466
820
514
40
247
402
760
199
956
25
451
398
134
631
755
902
719
796
207
976
960
706
134
18
402
486
666
830
662
973
384
772
980
855
608
190
925
229
55
160
507
464
640
376
807
548
56
691
276
141
189
361
818
346
864
436
593
321
185
763
996
310
783
920
236
565
196
18
766
862
894
108
44
966
218
489
215
141
393
923
912
256
946
265
750
916
55
897
668
312
864
451
495
73
360
170
15
953
956
967
892
358
795
639
482
658
812
504
365
729
85
493
463
246
879
41
723
384
