100
400
549
675
717
588
715
277
12
516
887
774
197
175
721
551
4
368
1
249
142
880
562
90
868
200
59
428
555
506
912
138
319
49
215
362
487
629
525
384
70
243
786
961
874
12
101
716
660
901
621
876
10
454
63
899
737
789
445
479
920
557
292
749
882
411
759
791
428
483
580
946
919
629
197
1
698
968
554
293
560
323
486
209
338
133
116
919
392
267
396
384
509
539
557
511
378
795
593
155
371
540
812
945
238
138
672
892
668
535
43
105
333
918
336
69
688
872
672
320
652
836
549
855
650
384
742
58
618
548
667
258
122
258
883
677
108
746
471
443
612
614
335
437
957
994
918
6
597
373
250
153
273
243
499
481
403
284
729
736
782
312
676
680
496
240
129
465
329
980
977
807
997
824
493
197
362
849
484
679
747
7
335
799
866
108
588
764
888
711
34
759
376
691
708
552
816
726
477
51
13
965
974
532
283
982
50
607
893
555
326
604
664
401
793
817
310
426
394
574
743
483
196
82
423
330
155
151
276
386
103
835
424
185
726
126
737
989
787
119
189
893
793
262
42
676
792
20
899
730
370
959
654
22
230
671
947
917
294
92
459
573
41
921
231
360
204
779
276
625
15
390
121
591
825
813
508
902
278
176
490
863
960
193
664
265
354
750
124
197
78
315
339
182
93
285
968
456
460
74
258
291
7
841
642
909
77
752
907
319
732
936
648
205
50
488
698
354
182
208
9
192
689
291
729
717
438
138
930
135
212
141
802
512
954
572
150
564
435
991
372
913
865
829
769
243
461
720
50
717
926
116
260
684
507
573
235
535
253
159
873
768
895
940
86
874
473
177
887
96
209
121
550
874
1000
780
376
619
38
676
937
162
778
547
588
486
537
919
876
495
949
358
897
945
776
691
456
178
645
512
370
329
