100
400
978
995
183
138
662
813
927
33
204
198
5
350
872
56
102
803
752
460
584
963
411
440
776
748
764
779
89
641
715
184
139
262
510
477
558
636
661
701
323
127
347
746
445
538
128
507
742
265
402
271
126
552
188
466
574
711
174
580
346
221
564
558
947
143
710
900
360
796
803
369
190
420
38
481
434
851
719
77
652
562
554
480
865
577
107
2
528
958
653
610
194
545
681
76
76
375
561
762
285
923
548
317
260
660
496
107
525
315
961
193
417
906
354
921
774
697
163
602
354
637
316
219
909
684
147
594
189
775
941
573
166
667
591
435
253
54
315
902
843
459
153
150
228
262
617
697
485
523
566
510
399
299
514
188
99
419
561
350
919
532
709
463
141
29
422
926
386
835
442
825
383
383
198
469
304
344
907
950
266
36
314
249
272
351
63
198
242
380
817
267
586
328
841
973
100
997
794
378
519
889
75
663
330
709
88
124
72
793
150
889
890
796
621
216
415
864
579
631
471
574
673
376
957
978
349
774
349
291
112
453
276
68
912
30
50
125
422
743
14
27
801
859
771
726
972
954
648
322
702
235
757
281
77
715
944
956
180
232
921
924
408
189
863
951
917
229
459
561
153
394
674
951
31
518
813
371
90
153
714
475
600
111
860
890
969
759
700
638
601
262
564
877
304
851
389
910
483
745
784
166
966
252
535
494
977
326
295
166
557
663
359
653
713
527
89
9
759
630
546
179
414
29
640
330
981
522
425
686
840
13
585
238
889
848
301
124
393
327
1000
601
402
900
663
570
90
199
871
361
167
4
857
244
411
290
535
321
278
304
320
978
286
299
398
255
5
194
167
958
954
337
945
646
82
862
829
670
381
664
170
304
162
492
330
496
525
541
293
626
394
935
970
200
127
947
445
796
832
249
123
516
