100
400
222
689
360
918
735
148
427
928
756
571
879
145
266
1000
713
337
523
767
184
224
24
782
366
630
830
264
882
458
48
198
75
183
983
392
296
972
542
842
763
740
893
711
826
495
333
300
484
899
986
595
202
377
299
279
915
989
925
432
793
852
22
454
750
157
877
306
611
376
818
173
823
436
54
969
304
414
174
720
491
282
331
975
342
66
345
11
109
333
643
396
309
706
172
914
335
54
705
698
733
260
886
805
76
821
224
317
475
302
744
560
884
953
279
973
995
827
703
480
945
252
683
961
473
85
883
69
959
134
946
829
988
493
578
682
918
919
989
438
617
803
930
202
765
835
233
650
521
373
72
689
44
288
708
117
828
491
542
396
576
579
29
755
603
653
795
467
344
559
586
580
302
791
586
980
535
450
996
4
928
446
18
675
432
29
424
354
823
500
505
405
180
690
691
993
723
940
794
15
627
107
733
336
624
543
147
211
264
696
732
543
112
511
390
358
645
607
533
941
41
761
810
242
548
816
731
512
458
325
912
357
221
634
48
349
213
857
790
675
451
390
747
37
555
368
578
868
54
939
2
781
160
240
600
617
183
198
266
384
49
685
517
262
175
506
614
145
872
267
299
948
479
951
554
547
246
788
3
730
718
366
621
545
36
449
487
44
166
915
30
232
157
740
971
264
518
784
441
495
794
16
448
861
131
780
181
904
558
729
661
296
492
286
567
879
487
902
587
465
312
68
918
342
651
986
758
773
664
602
987
241
679
433
640
274
72
548
85
552
428
787
492
293
669
378
911
615
307
854
990
872
543
956
216
235
93
755
704
195
794
697
326
974
317
642
169
145
42
668
645
200
792
276
835
275
906
349
239
635
783
653
822
608
566
617
280
239
429
783
6
826
605
915
306
602
596
14
34
877
46
42
