100
400
970
203
882
380
70
305
817
988
115
305
54
602
110
253
954
68
642
721
869
452
883
379
463
888
157
606
548
168
924
237
256
633
468
733
511
940
431
645
175
404
144
947
439
999
889
600
490
839
70
807
657
680
49
387
323
596
260
134
724
248
202
283
62
875
363
125
847
89
152
189
147
287
352
653
791
924
227
378
324
225
322
240
615
467
60
944
481
681
316
363
684
41
941
353
373
218
214
772
968
861
480
519
624
788
689
146
815
119
622
517
563
886
984
302
761
678
175
555
679
282
397
752
568
543
107
683
485
49
777
336
355
474
834
654
798
216
449
9
16
16
850
439
995
532
57
11
793
807
263
10
554
60
334
754
399
674
125
50
341
560
598
747
340
79
776
373
404
182
614
656
623
92
614
968
656
956
717
781
234
365
661
676
488
281
97
505
732
475
715
635
170
843
346
20
475
226
150
952
885
15
467
548
750
416
64
948
198
697
842
551
585
514
343
875
171
432
750
908
545
205
500
78
236
474
113
445
868
762
541
540
481
936
11
216
37
152
191
403
167
136
392
208
441
903
569
944
335
373
453
627
595
729
185
976
398
226
741
345
590
90
620
53
939
990
85
313
250
958
6
790
753
498
941
799
505
675
910
524
98
421
39
502
204
248
63
306
50
364
691
916
144
473
950
167
331
645
181
887
413
368
198
756
897
243
765
252
42
335
489
646
167
796
433
946
614
725
801
604
459
752
464
819
533
274
551
145
216
824
687
958
179
205
749
88
235
330
524
294
544
993
703
72
855
532
155
63
415
653
294
894
885
322
201
135
914
403
475
277
35
344
151
109
637
436
64
381
48
800
924
594
55
880
465
496
183
739
850
653
858
823
633
154
540
26
733
735
29
746
77
658
216
414
53
546
996
939
720
65
99
463
