100
400
795
695
349
203
714
891
374
661
450
844
571
628
945
980
472
949
520
750
625
974
266
701
889
86
165
653
374
335
87
243
231
671
370
841
923
998
574
602
290
665
919
238
408
30
477
415
542
896
10
302
124
398
266
270
700
889
606
332
491
367
181
273
653
991
196
134
20
808
744
19
479
112
658
908
482
93
871
536
410
248
999
377
838
489
225
815
416
335
596
157
5
128
672
957
503
118
373
644
916
558
780
962
163
922
18
452
15
775
481
573
986
911
56
698
797
897
297
374
85
133
745
781
831
430
711
389
801
797
373
787
513
712
632
788
26
618
657
333
722
618
695
222
415
577
587
805
794
395
668
17
170
373
729
871
886
703
797
755
315
177
237
470
230
774
462
82
43
880
334
883
892
322
57
985
856
930
197
761
586
500
94
71
942
867
172
779
532
597
745
848
445
102
348
383
566
369
386
617
969
393
902
714
334
791
804
72
76
857
97
549
579
237
453
742
377
94
468
621
737
831
347
194
205
873
664
786
370
869
233
107
344
796
798
690
670
322
242
693
756
271
805
923
782
133
164
743
969
804
182
726
770
80
114
842
318
506
85
149
795
299
734
482
967
105
478
407
933
754
240
249
930
513
677
106
297
194
431
285
681
44
970
412
557
636
637
697
644
316
48
266
302
166
556
711
911
802
406
832
206
605
479
67
371
413
115
963
262
444
725
459
747
412
999
567
384
141
355
918
768
687
790
766
170
382
772
24
694
499
296
577
261
871
51
181
428
711
207
390
330
983
443
316
356
287
485
794
903
87
742
590
275
960
823
387
569
188
606
780
117
770
53
199
27
806
77
255
621
399
366
775
119
129
330
467
731
632
585
386
288
153
978
745
847
582
606
971
602
714
182
503
516
252
657
788
163
339
838
897
596
443
