100
400
634
741
397
299
985
991
565
572
253
253
583
28
910
714
900
17
256
385
156
93
610
876
114
268
972
552
572
315
674
973
533
970
108
290
413
197
783
711
620
732
859
384
318
39
812
166
137
348
869
828
781
850
318
5
141
772
413
61
281
713
632
353
175
580
43
79
292
323
26
837
874
583
379
736
128
144
895
988
460
301
667
508
1
203
189
377
830
76
580
189
456
629
833
945
971
391
302
665
657
391
264
671
130
227
330
126
530
552
404
609
617
833
636
664
616
544
798
107
910
434
697
848
223
32
859
939
213
127
892
235
678
38
548
32
858
761
601
929
759
550
673
909
29
76
906
232
837
30
500
923
10
852
47
307
10
705
932
391
13
664
879
672
750
428
147
737
86
673
191
470
687
332
587
893
304
572
548
584
84
226
243
468
723
438
828
738
396
623
314
322
564
409
220
324
798
505
982
815
430
409
656
787
961
641
956
916
264
875
249
868
383
838
187
185
921
534
827
370
399
578
61
988
206
614
492
684
70
206
508
463
291
120
350
912
186
338
237
435
349
175
910
714
879
916
490
450
582
730
295
491
627
765
809
457
218
604
14
168
278
525
602
214
834
54
467
895
947
322
883
174
284
37
122
69
58
933
539
172
798
893
934
266
457
700
285
432
146
289
125
88
830
596
759
814
971
133
306
706
756
240
815
25
231
364
980
817
154
266
629
451
108
84
380
225
946
52
385
116
105
556
262
137
898
843
390
83
124
889
413
671
84
337
379
535
44
883
450
622
137
913
436
5
894
115
563
497
804
771
311
578
740
631
248
196
782
165
324
98
775
772
511
656
882
229
362
472
905
718
776
724
605
512
509
121
145
582
692
705
558
715
940
866
796
216
452
394
703
580
51
867
267
420
913
21
923
623
852
943
442
823
