100
400
868
356
506
411
162
527
163
202
508
165
886
728
454
759
625
556
466
668
17
362
140
583
131
973
866
861
417
351
575
822
469
774
912
929
431
253
826
119
453
256
648
548
635
929
598
874
9
19
184
398
613
549
431
209
706
173
790
208
118
9
841
899
940
374
750
502
58
118
359
437
673
806
177
437
483
389
969
184
240
441
831
510
787
741
270
271
138
401
933
145
592
688
159
575
916
561
158
172
558
216
870
771
866
304
366
239
222
569
809
263
993
32
489
726
283
253
160
202
755
133
499
661
269
548
453
197
13
401
991
962
582
844
112
373
444
736
498
53
968
807
566
202
139
203
52
31
733
736
402
794
450
467
529
861
917
269
417
345
972
142
522
421
62
928
270
397
686
47
224
310
331
744
555
452
148
459
909
975
63
934
386
194
514
628
860
829
89
174
629
298
98
968
863
153
632
353
694
487
833
916
18
916
312
142
459
460
206
623
181
233
345
731
298
225
421
947
882
95
806
307
899
927
779
334
789
196
816
237
742
862
884
592
466
618
156
3
690
637
251
986
109
572
860
954
131
413
815
939
862
831
943
465
711
173
343
109
405
536
32
778
689
81
687
363
126
914
846
617
874
79
311
404
937
860
182
475
583
604
256
192
688
891
164
196
558
602
823
765
944
905
704
667
447
379
993
52
46
292
666
608
377
972
210
890
944
90
964
838
137
322
848
480
969
405
778
467
476
107
736
473
729
720
915
814
614
169
160
15
551
132
649
831
588
400
734
364
289
304
666
278
810
148
731
627
708
741
122
626
241
813
473
996
586
896
880
472
233
401
846
950
5
445
96
772
508
99
20
885
351
251
290
489
4
36
898
52
984
413
653
18
425
999
786
25
787
85
979
444
238
273
528
813
399
424
359
727
123
509
169
185
