100
400
613
291
757
68
311
511
167
710
265
816
695
127
490
162
41
674
539
259
138
589
379
616
220
518
25
741
526
308
477
685
133
379
222
80
744
773
38
385
764
689
307
245
918
562
899
500
540
553
193
164
326
309
504
578
557
950
706
35
303
365
839
424
905
618
436
669
345
851
843
521
635
868
22
281
357
655
362
326
576
195
111
590
769
475
735
663
327
846
326
165
501
26
596
273
400
265
843
375
954
217
813
840
595
900
770
569
327
481
822
898
947
706
713
755
274
69
277
807
412
541
754
644
409
161
312
909
262
180
621
483
939
88
378
489
780
994
168
400
742
146
27
728
103
927
41
730
578
563
75
165
121
566
218
112
867
543
844
319
952
191
517
828
797
255
747
621
154
755
898
927
61
713
247
202
688
744
443
234
632
946
876
452
277
340
296
275
231
558
384
570
523
74
414
814
124
1000
169
261
535
764
388
133
227
864
672
771
690
426
246
590
702
392
676
492
358
735
834
907
696
150
933
291
228
203
765
452
813
619
252
474
798
197
396
896
838
466
722
142
713
628
707
514
626
992
290
810
912
908
879
356
55
600
158
505
84
711
381
285
769
164
924
726
892
892
760
369
345
338
313
414
896
70
211
76
576
872
907
411
763
344
617
221
514
802
17
262
975
122
801
806
124
993
874
473
955
764
535
293
855
863
678
376
319
292
251
882
629
930
768
695
269
398
502
182
675
425
921
30
319
918
62
340
967
134
596
833
417
277
507
795
757
546
238
961
281
914
919
438
219
462
14
687
873
388
280
736
496
986
660
239
57
673
130
711
838
190
429
981
628
232
660
186
986
214
531
872
917
113
944
130
302
404
807
293
219
427
560
952
575
645
638
651
293
515
333
537
966
358
763
188
260
588
937
766
653
635
296
311
181
202
