100
400
907
612
281
624
654
346
68
887
222
702
526
557
528
894
364
17
164
740
248
134
979
500
454
674
215
97
15
427
699
503
452
965
95
422
163
932
981
449
299
654
564
14
1000
681
999
211
697
484
599
64
613
3
381
745
457
377
123
462
965
95
83
801
362
714
730
363
162
765
300
59
98
298
113
886
566
603
592
894
496
928
572
418
181
199
676
930
340
904
187
434
565
242
722
38
837
244
975
647
96
990
577
97
230
450
337
371
402
561
224
493
426
156
148
553
466
180
850
275
391
938
684
192
617
706
39
436
613
624
118
370
748
620
59
468
301
389
224
92
917
35
17
454
541
487
838
416
739
218
94
283
447
387
749
139
369
712
374
626
309
46
18
618
78
986
503
991
775
328
374
595
327
415
125
777
809
269
339
475
218
9
644
433
337
775
7
347
546
707
8
155
103
767
105
169
97
318
985
585
66
19
838
162
374
218
989
542
165
37
956
825
115
840
702
937
445
792
620
462
992
62
45
91
159
332
996
651
45
221
353
915
694
508
877
173
13
218
228
745
652
799
758
660
598
965
747
580
811
809
941
612
23
44
696
487
701
888
870
711
462
917
9
924
244
498
159
431
710
673
87
225
678
940
575
982
461
662
720
498
106
31
133
138
165
285
919
366
759
543
297
640
76
680
623
169
960
330
753
691
590
69
815
477
307
556
483
955
947
466
662
3
408
819
588
796
421
30
83
986
823
15
143
48
472
360
997
739
53
914
716
704
765
861
994
67
748
37
890
879
802
384
572
341
913
752
261
285
504
741
481
655
281
440
324
805
507
537
684
549
792
133
804
744
305
741
380
196
455
573
671
188
150
259
628
973
635
970
218
979
971
855
729
545
984
215
826
82
293
626
149
560
71
178
584
25
820
679
851
996
342
621
