100
400
190
869
903
330
873
350
328
976
178
541
154
264
550
423
354
784
725
307
797
656
942
298
673
711
203
303
300
877
180
807
82
758
647
898
25
561
735
564
396
737
425
239
695
423
234
955
606
495
184
846
93
795
785
764
974
916
445
703
636
142
284
146
668
114
506
915
14
706
848
666
222
913
197
332
372
185
631
343
856
474
175
539
621
19
459
283
343
578
713
934
763
432
789
45
725
869
559
307
407
990
261
112
465
824
200
416
59
647
328
862
766
181
66
524
42
748
66
801
891
111
970
855
644
526
815
59
185
208
342
61
101
881
17
808
241
930
749
615
835
881
994
938
161
453
128
868
820
127
171
662
407
153
928
910
539
273
615
652
912
919
983
291
216
688
4
498
930
760
909
55
248
254
542
745
969
889
155
684
688
492
239
265
797
266
435
793
175
660
886
701
405
881
495
644
627
131
638
551
798
829
943
597
735
681
405
326
208
771
117
936
818
87
244
448
249
259
793
858
424
473
99
641
644
113
50
895
473
330
468
242
22
598
941
194
270
663
795
692
170
71
320
496
457
817
347
363
230
778
619
636
568
159
901
212
332
849
922
972
646
93
584
687
401
793
935
745
857
98
346
32
919
575
255
374
41
267
300
96
674
553
987
732
157
351
494
630
485
772
220
105
94
13
337
445
179
957
820
40
568
749
992
792
221
278
594
457
463
597
739
123
708
463
46
966
539
37
309
701
11
350
407
33
740
496
737
799
606
948
500
72
163
506
410
834
492
114
710
917
938
922
909
250
206
102
664
205
93
483
518
470
423
410
942
805
347
773
831
834
6
876
993
507
814
555
792
155
765
643
112
271
22
786
761
191
118
35
509
250
282
27
623
740
677
67
577
968
528
254
313
325
609
267
212
470
727
527
792
995
975
28
