100
400
726
759
964
484
949
871
121
419
133
771
602
296
812
672
339
604
369
103
62
871
837
300
142
661
674
179
576
676
961
237
309
215
604
215
774
1
447
825
933
627
617
996
508
989
387
194
367
33
449
908
803
552
673
734
882
585
320
349
955
725
110
550
924
28
478
32
807
274
510
590
585
29
505
609
766
847
951
830
681
836
160
578
891
948
207
493
493
699
472
869
164
621
798
391
110
923
176
132
616
390
188
638
637
694
658
779
232
781
759
26
317
500
11
732
141
645
123
437
174
495
672
282
275
875
561
31
469
594
230
261
771
812
884
742
909
751
207
954
389
446
661
1000
575
510
749
114
646
410
898
555
716
326
729
780
306
29
93
765
189
513
16
977
129
327
913
109
987
178
533
200
357
50
21
157
358
718
498
604
586
372
77
110
723
375
249
408
755
609
491
529
38
921
278
573
673
246
613
684
556
230
483
361
320
258
651
506
497
893
924
222
886
632
487
932
695
246
263
527
398
367
355
992
533
925
441
701
405
764
717
735
803
8
138
963
136
103
128
447
323
757
513
684
445
782
766
204
353
647
385
522
385
162
120
291
834
959
316
349
997
51
956
291
841
251
889
388
783
514
785
305
615
515
516
484
184
903
881
359
313
560
1
8
684
863
530
59
520
18
268
114
528
959
102
480
609
296
589
987
178
27
820
579
668
123
270
279
607
811
672
907
999
268
597
598
945
268
519
898
310
870
35
225
873
404
561
175
506
129
950
29
964
659
337
393
476
58
898
454
503
618
432
757
68
488
707
183
953
766
459
935
725
867
588
912
20
235
170
48
883
666
148
857
275
511
313
407
419
901
884
89
167
269
747
842
6
538
947
939
467
390
443
43
185
905
671
335
602
177
929
530
735
760
23
231
188
383
699
820
997
663
