100
400
882
938
929
816
524
428
329
629
339
411
363
958
806
351
180
753
116
609
154
927
937
302
730
854
278
65
961
885
752
193
535
216
928
828
357
402
2
858
268
348
146
404
87
300
113
861
957
99
817
308
561
48
656
197
315
517
127
915
870
428
958
451
486
959
307
343
392
414
441
791
602
501
769
125
49
743
769
844
810
278
731
798
808
29
634
605
979
538
393
958
332
396
469
48
239
165
229
449
11
526
56
670
270
907
939
731
89
588
974
785
6
74
772
602
907
908
825
518
716
936
826
855
681
758
827
429
464
891
107
861
710
809
338
539
30
573
578
866
722
814
891
907
686
236
983
943
197
474
286
787
424
916
754
287
542
481
888
779
393
450
42
675
468
861
833
197
168
44
473
26
136
808
445
389
220
593
276
608
378
897
76
868
604
961
367
217
446
225
611
386
179
622
787
789
263
144
737
184
324
221
117
628
527
792
195
697
58
887
955
287
763
477
660
552
811
920
300
623
119
370
38
287
572
930
277
457
279
973
656
178
963
187
743
524
289
473
274
347
964
486
878
990
830
168
320
912
57
839
835
401
605
596
610
550
212
588
317
542
81
407
245
498
754
769
792
972
946
628
108
956
639
663
264
305
707
110
380
442
645
283
162
205
682
871
971
67
973
169
193
847
902
894
549
308
854
445
209
702
319
431
909
20
879
59
364
293
586
313
780
321
371
881
442
512
667
36
106
561
769
179
985
519
287
533
289
353
809
868
174
639
444
435
310
51
785
440
540
430
498
855
706
779
452
444
216
413
315
913
351
461
766
986
834
481
522
900
183
600
660
502
771
504
491
340
197
109
520
824
338
749
677
57
585
555
130
302
745
954
120
403
166
648
587
94
990
562
733
508
415
439
889
873
377
359
665
188
825
413
355
575
