100
400
273
252
869
598
723
623
31
779
537
114
523
318
132
534
858
249
150
766
55
185
889
642
187
315
464
694
802
784
387
759
633
920
932
667
850
293
501
120
986
264
897
674
551
690
107
222
851
762
582
616
582
681
86
132
365
835
784
359
362
766
247
82
520
526
788
567
675
891
447
448
103
556
725
629
568
691
453
773
776
365
373
577
709
756
729
272
317
889
701
546
325
74
289
309
304
166
448
975
951
499
7
610
621
100
372
844
476
440
724
196
572
785
704
232
109
168
400
503
802
639
63
216
543
592
39
489
786
244
673
785
970
260
353
668
921
208
640
535
946
276
573
871
794
3
520
992
536
447
815
418
365
700
579
411
104
535
58
671
85
190
261
346
84
751
507
110
403
922
356
532
908
126
106
554
495
960
965
704
822
106
587
504
102
32
580
250
650
249
208
809
896
231
21
440
757
950
440
774
420
783
764
111
319
91
880
727
976
955
135
969
399
442
629
463
899
572
278
175
898
153
25
346
469
806
706
110
306
405
71
141
994
479
430
304
579
649
713
265
967
122
83
100
27
388
629
366
503
195
990
273
95
51
699
865
825
828
137
493
86
591
661
651
795
401
708
995
311
693
759
93
779
510
156
858
463
660
865
220
992
637
640
580
230
481
500
864
914
655
385
69
346
785
238
750
130
456
951
610
212
239
262
304
418
221
584
672
748
558
800
840
254
399
156
175
274
768
244
987
411
564
38
590
16
204
397
196
289
487
598
180
58
786
554
628
490
665
540
325
863
728
19
806
608
191
749
963
961
449
66
920
144
134
472
509
436
244
947
685
777
485
580
531
794
235
164
250
867
656
845
477
879
368
448
103
873
158
966
298
221
770
44
550
637
800
417
370
192
484
319
777
611
375
934
215
21
440
337
349
746
108
