100
400
525
322
913
176
673
3
340
547
484
804
288
116
477
428
558
640
660
483
6
627
569
164
529
845
160
412
652
693
150
247
940
310
288
731
289
737
701
547
345
5
761
720
811
217
550
962
921
835
330
692
763
330
446
348
76
635
85
987
140
988
587
656
360
313
152
637
55
642
717
45
980
438
887
859
971
183
615
778
810
271
997
196
761
256
491
523
196
527
303
493
170
564
689
143
185
638
834
283
113
740
501
229
739
266
799
72
893
274
674
820
329
634
117
951
815
853
691
788
630
443
997
275
120
62
656
445
488
441
707
488
827
951
511
51
543
362
181
622
150
105
895
683
879
334
275
196
958
145
531
41
773
751
650
9
109
694
231
835
821
569
162
365
281
349
299
808
325
789
491
164
819
991
118
294
391
427
175
371
693
248
371
996
274
47
924
403
445
933
459
84
427
20
592
8
383
735
711
363
768
886
683
823
999
500
740
293
651
634
528
685
934
174
166
919
878
36
275
515
851
524
374
668
864
32
622
225
815
480
586
620
544
289
44
682
171
221
963
809
683
880
730
213
711
536
554
378
356
322
112
170
274
213
468
856
471
580
62
537
71
188
508
100
502
434
233
490
906
310
858
415
817
317
721
102
107
791
633
133
118
639
146
3
55
11
92
320
205
239
1000
740
334
841
444
583
599
261
249
431
576
373
840
961
632
284
372
742
807
761
204
444
699
275
208
876
830
231
921
182
834
889
644
829
136
873
826
301
353
806
590
462
905
292
123
988
786
138
563
712
893
921
946
556
146
821
960
825
904
25
167
642
726
630
70
336
385
209
905
534
843
916
407
108
32
266
86
955
532
484
244
653
527
301
533
514
817
934
69
709
8
412
511
228
641
103
297
814
431
360
157
126
133
561
935
61
953
886
426
521
355
998
