100
400
130
243
195
586
479
76
890
450
782
365
793
555
76
888
701
159
143
46
551
822
246
762
498
12
451
621
287
127
348
53
896
412
515
527
369
288
85
510
627
207
73
535
367
709
468
318
192
315
468
201
668
236
743
118
290
51
448
399
657
570
227
377
252
512
673
811
384
234
692
738
95
823
208
871
11
583
938
772
406
710
93
418
532
534
829
330
929
305
413
592
422
212
387
381
449
249
407
296
118
279
767
571
515
453
135
367
520
135
755
808
971
104
976
188
999
564
714
626
340
220
948
123
43
412
616
1
473
997
839
921
354
336
950
74
616
267
818
447
393
684
917
427
896
663
566
647
507
217
675
200
781
18
823
492
724
242
677
39
901
136
888
1
217
756
531
634
227
976
163
792
478
128
558
534
346
538
985
492
287
145
352
169
470
863
880
4
91
811
173
699
687
63
695
445
297
936
265
141
325
74
759
484
306
879
335
148
752
415
205
276
217
421
146
472
833
650
980
382
791
752
480
521
737
130
351
8
118
67
227
184
908
904
893
296
796
613
156
70
212
976
547
714
671
125
334
212
693
496
436
234
378
103
816
175
346
740
548
426
573
474
9
5
141
336
985
706
365
517
262
389
295
561
927
854
810
536
290
543
825
513
413
845
997
14
780
465
543
218
15
824
911
771
851
838
694
284
501
976
917
556
499
20
780
736
685
860
478
135
289
791
963
152
882
365
724
307
400
878
149
407
756
763
195
838
939
155
348
38
125
633
919
414
492
871
948
343
128
909
279
570
622
963
40
623
851
364
849
189
401
549
173
542
458
642
615
707
650
111
621
42
206
374
486
710
677
499
649
645
940
924
417
425
583
333
150
748
306
190
330
605
347
255
301
766
997
419
412
560
224
59
967
783
433
91
603
956
42
34
373
783
