100
400
25
611
554
232
264
335
75
792
943
344
289
873
307
835
995
331
584
227
783
438
548
796
102
790
743
257
508
829
666
877
374
768
947
542
344
700
872
424
551
408
972
224
153
170
125
274
713
158
328
285
218
903
431
49
196
949
760
655
327
975
916
651
297
480
348
998
627
13
572
687
689
832
967
854
68
592
395
189
94
8
588
616
42
130
750
320
318
571
63
46
586
891
174
831
926
998
159
864
100
664
471
883
995
436
677
874
178
510
367
366
474
445
621
982
864
975
182
459
915
562
299
632
172
459
609
859
490
663
357
885
252
344
766
865
225
598
421
850
953
526
274
459
881
350
120
453
124
1000
206
152
181
715
924
911
277
582
362
33
603
905
115
907
953
691
424
488
834
719
278
381
720
327
936
941
386
743
305
16
759
600
462
321
842
26
740
711
510
801
648
806
375
339
870
258
951
727
872
393
873
939
199
548
335
215
620
579
448
859
189
823
450
774
53
827
899
163
391
36
88
674
445
843
945
263
473
426
94
443
415
594
408
385
937
379
811
967
266
929
681
496
427
969
99
289
598
637
205
508
810
729
1000
14
48
307
234
262
245
678
978
34
453
21
199
69
777
767
568
944
126
494
148
467
897
281
630
782
120
455
949
561
354
642
468
507
687
435
635
565
267
413
493
156
818
195
144
59
502
633
729
142
777
889
143
814
268
236
42
861
399
676
649
912
881
391
263
616
808
986
735
168
596
428
287
401
549
918
427
225
368
910
120
629
248
313
660
967
562
705
42
815
344
384
269
879
517
335
242
148
567
887
247
296
8
28
32
604
427
169
651
582
776
104
33
490
414
327
874
197
941
643
99
964
604
584
160
97
303
407
535
524
612
67
98
592
970
551
864
353
5
441
325
286
984
351
87
31
663
448
620
466
