100
400
487
375
495
256
779
160
673
942
451
155
47
644
470
858
956
283
261
852
658
287
273
242
250
977
288
681
346
643
906
102
240
296
230
225
856
108
693
631
109
251
852
543
579
724
340
736
530
681
813
554
660
687
157
115
57
858
236
684
292
461
240
969
20
211
237
268
694
642
643
739
779
936
68
450
568
487
164
956
789
745
133
423
675
818
320
956
911
689
604
75
184
840
950
363
482
635
897
861
217
807
810
486
667
324
96
338
372
885
854
384
263
671
582
312
405
9
771
317
593
678
62
476
67
108
939
209
179
543
663
102
48
937
177
49
104
607
325
749
764
780
71
983
760
21
896
840
936
592
897
917
791
134
431
204
133
892
323
640
850
151
825
57
848
298
92
159
369
228
257
833
382
209
815
841
955
220
101
914
365
879
510
119
540
184
477
538
738
165
154
239
317
903
751
614
484
509
9
267
637
43
308
909
798
934
54
757
152
666
973
183
743
123
130
491
186
838
17
160
883
710
59
667
732
615
784
929
348
110
393
33
50
274
663
444
428
37
545
943
918
561
413
293
797
447
918
677
788
433
138
639
569
589
314
356
182
440
956
260
658
376
249
612
745
32
925
146
919
248
387
413
798
585
29
743
388
200
911
585
521
221
683
559
935
176
95
323
507
561
612
268
166
436
731
731
116
552
246
241
262
701
952
455
157
74
842
835
887
584
338
127
748
973
757
206
119
811
361
557
734
777
236
657
394
165
152
309
438
778
405
841
370
387
838
521
649
302
293
947
832
201
474
931
727
797
238
465
713
198
411
850
937
72
732
532
309
394
766
746
405
624
221
225
47
186
369
108
464
876
474
15
735
430
51
34
148
411
260
332
451
131
427
955
973
448
100
800
698
323
898
59
710
116
439
254
784
547
988
492
145
806
