100
400
77
134
121
784
639
801
555
433
755
978
245
445
331
639
978
691
237
954
419
155
944
205
652
622
811
78
804
124
388
62
159
973
720
608
89
503
36
639
533
957
486
844
264
710
815
403
712
12
89
898
247
382
26
159
393
904
192
61
413
649
698
967
663
965
496
232
11
524
692
684
710
156
374
184
739
817
652
517
90
347
53
720
556
97
828
657
139
361
540
552
81
568
567
624
381
64
176
762
443
401
670
870
338
316
403
491
273
38
617
949
179
625
320
244
572
101
208
726
61
50
265
167
812
823
141
764
289
287
952
318
647
848
749
403
531
337
605
989
872
39
832
750
746
239
821
97
780
659
270
947
767
766
68
208
523
683
444
963
939
159
851
427
45
790
164
455
628
159
2
761
489
22
975
456
311
737
474
39
654
463
684
70
336
473
827
474
622
459
634
294
752
189
340
239
243
641
454
302
201
711
850
846
780
671
903
370
847
180
816
842
85
365
689
424
517
47
467
403
907
34
235
901
437
865
196
41
501
519
484
86
636
907
106
406
182
908
58
271
153
588
505
622
651
981
927
300
305
175
455
183
895
988
698
12
917
672
55
767
317
421
92
656
726
782
371
690
365
274
869
290
171
503
800
232
854
93
980
445
24
679
200
458
860
972
363
753
491
948
844
537
855
456
485
158
251
666
654
90
371
139
514
388
196
147
461
467
274
635
630
61
999
167
154
664
448
776
992
481
190
114
816
941
796
669
456
322
476
598
729
539
628
681
821
138
840
605
319
15
791
701
104
864
403
215
753
242
171
221
783
47
375
618
680
321
968
69
11
864
32
765
250
381
192
327
599
900
924
895
179
380
308
793
745
410
207
420
873
277
855
833
101
152
901
776
607
642
180
773
21
120
501
187
266
801
380
92
991
106
836
350
