100
400
901
556
833
689
730
561
146
158
793
914
997
391
878
461
267
346
659
807
381
505
237
455
158
438
423
565
846
61
611
478
66
488
2
696
959
619
617
586
926
775
773
169
302
509
820
555
392
186
652
344
553
457
122
812
730
598
880
835
81
380
720
331
107
413
570
663
193
459
114
612
675
886
201
244
412
488
608
480
338
245
983
944
687
269
735
73
688
732
327
495
860
426
701
620
900
644
224
580
340
190
730
716
602
839
249
680
701
349
481
331
729
427
861
927
991
759
141
858
249
31
646
705
688
767
818
548
926
510
144
325
993
492
585
414
840
873
534
840
57
626
368
38
398
399
586
838
485
748
594
139
735
22
1
946
112
614
158
468
140
373
803
503
231
207
405
437
713
658
474
516
775
619
254
610
85
657
559
107
494
97
943
933
372
861
697
835
386
258
755
689
849
681
387
265
58
728
969
240
664
757
363
242
319
579
678
399
804
760
387
702
682
666
596
608
111
369
201
114
452
743
617
940
256
545
136
880
540
631
954
530
93
795
442
352
108
218
693
499
59
331
744
916
208
488
862
144
447
135
832
128
80
385
375
624
603
126
520
991
172
228
817
421
944
206
730
480
894
199
780
470
331
72
30
144
453
647
23
606
330
508
617
167
547
578
554
63
650
521
412
925
937
558
453
234
555
679
177
563
228
755
595
51
950
408
401
468
689
34
119
21
86
456
831
904
347
179
989
887
746
990
614
272
790
455
986
96
570
425
710
567
152
448
206
599
292
793
386
510
989
92
83
443
400
735
769
121
926
449
868
861
923
666
966
781
37
32
668
343
190
742
871
604
587
929
679
838
431
7
257
3
300
565
615
940
134
256
366
706
282
465
391
893
704
633
478
826
417
774
959
601
728
425
511
38
49
647
637
42
635
91
