100
400
230
654
103
475
323
684
945
321
256
778
25
783
13
571
926
531
474
206
922
731
998
323
304
458
376
238
832
152
680
945
488
35
320
108
185
35
32
184
808
568
793
426
349
127
225
270
403
362
412
534
918
228
425
566
115
87
889
339
765
305
223
75
171
916
84
635
3
170
56
452
721
575
857
131
923
117
744
112
536
765
363
595
618
139
429
246
387
337
768
23
37
225
396
455
438
63
923
811
823
125
985
99
347
942
758
803
176
131
432
964
196
928
167
62
863
487
530
854
205
247
752
143
329
318
160
833
772
966
371
610
240
167
248
177
257
711
151
498
719
899
67
324
726
892
662
540
621
628
442
948
44
528
125
347
386
143
486
151
594
975
362
556
729
125
861
188
969
275
453
843
889
1000
191
358
549
696
874
504
383
921
918
360
237
405
150
169
845
171
439
683
270
477
410
180
443
185
148
425
255
854
834
727
898
388
912
346
278
68
79
384
861
226
43
701
957
652
66
679
247
703
65
551
950
616
265
923
352
845
279
39
311
379
217
991
446
429
566
563
709
312
222
784
877
78
470
408
566
790
487
807
195
258
475
31
88
152
19
670
114
439
931
49
15
33
577
980
507
393
211
137
241
588
715
555
527
491
425
140
118
588
70
440
400
323
486
34
187
369
458
433
192
828
997
915
459
191
907
391
296
570
138
855
380
216
199
94
658
797
813
682
415
755
619
562
33
163
988
408
972
58
592
294
400
44
451
104
885
784
193
423
446
694
34
342
477
368
934
126
315
45
16
649
125
352
631
57
748
631
117
214
77
386
896
820
838
769
267
265
512
377
548
323
276
244
735
43
821
346
314
287
698
729
730
964
694
476
964
46
276
386
838
384
580
411
277
761
43
861
753
397
852
166
910
691
960
32
245
856
166
156
