100
400
776
374
439
895
429
320
7
564
203
794
93
296
255
2
887
624
551
201
750
703
792
360
187
207
419
916
622
951
185
256
8
313
189
508
697
623
941
493
494
282
354
246
874
618
103
963
628
96
919
672
598
277
27
537
255
471
28
482
46
865
692
330
61
60
343
287
682
813
496
197
562
846
225
962
141
692
232
886
703
819
483
855
707
442
951
39
681
41
696
536
307
295
814
139
217
351
391
355
912
993
379
205
639
656
25
767
105
734
895
612
275
225
797
966
835
118
715
155
538
706
367
933
745
392
779
301
475
632
936
654
391
423
864
394
5
221
917
34
58
686
376
837
149
271
624
650
851
300
777
716
634
821
7
516
5
654
332
134
399
986
519
299
993
916
916
427
924
641
603
288
652
494
238
543
204
510
880
731
676
139
713
156
516
579
458
291
484
817
451
725
444
455
766
491
209
709
694
870
926
249
334
846
6
407
676
129
359
956
522
445
238
274
873
637
541
276
704
662
674
128
355
666
481
85
915
10
826
962
451
30
741
907
211
74
360
888
925
890
361
866
382
934
855
875
285
698
584
21
754
664
952
348
479
42
707
179
804
559
763
780
779
938
21
3
990
103
479
824
94
174
721
392
280
738
140
503
285
619
494
376
521
756
610
868
534
125
712
737
538
271
558
233
427
509
11
353
548
340
648
956
867
283
776
381
347
939
947
324
594
478
687
931
631
185
62
47
523
638
394
85
63
178
84
594
802
595
149
20
940
754
467
786
197
223
297
336
17
76
248
525
770
88
890
808
581
133
328
135
145
54
756
134
50
516
681
797
511
16
970
972
814
308
545
110
825
815
528
316
473
638
20
105
685
456
706
717
367
322
79
61
13
864
544
665
432
288
717
783
883
250
65
503
469
638
748
873
950
697
844
540
