100
400
603
330
647
997
986
16
930
421
753
311
865
982
267
370
338
310
305
610
338
528
257
247
579
429
545
829
460
15
347
48
545
986
855
14
212
784
574
511
893
201
491
265
198
788
654
949
79
979
267
113
612
119
135
61
207
695
543
214
652
178
875
92
225
782
889
967
364
904
661
754
4
923
490
23
486
42
626
321
948
262
331
5
437
648
598
856
857
636
823
27
227
786
81
636
599
925
782
734
705
571
469
352
332
856
442
754
92
916
413
902
213
141
747
419
715
875
916
717
544
713
418
545
965
224
834
484
635
408
681
911
760
482
929
17
355
839
698
20
90
618
166
269
664
415
241
855
519
279
703
493
431
445
691
696
748
67
482
124
302
337
482
843
226
573
440
691
343
604
59
873
766
533
216
878
221
380
248
35
528
825
540
315
236
522
205
126
964
101
225
285
706
909
873
169
610
820
335
70
80
776
262
338
499
365
420
439
761
79
394
355
321
927
585
758
200
353
254
961
962
509
603
186
194
966
977
982
940
408
206
616
601
867
27
269
235
136
692
91
4
941
963
396
506
389
729
409
200
823
561
493
987
91
92
952
713
393
532
109
86
283
728
18
34
568
196
18
904
59
172
93
326
969
233
268
572
275
930
634
332
306
334
503
368
598
340
287
108
93
640
953
315
515
924
813
945
415
536
518
629
136
240
58
503
168
906
437
10
922
790
186
839
813
968
779
606
85
853
994
561
494
531
228
200
362
447
464
474
240
575
489
483
353
780
873
196
246
557
790
629
660
578
140
797
53
876
911
45
270
443
977
399
316
324
572
861
511
700
252
556
417
544
276
715
620
428
793
483
444
89
828
43
602
690
266
596
319
80
950
31
345
556
740
302
393
297
952
815
25
498
610
96
791
720
180
427
693
937
662
243
494
