100
400
312
371
430
918
364
321
556
262
18
799
805
380
548
602
271
383
154
231
298
35
476
666
49
586
761
166
657
829
320
838
548
304
64
617
614
188
240
321
535
665
639
269
684
54
758
986
75
172
224
601
879
554
97
584
216
948
780
544
874
337
797
513
58
453
751
817
301
87
345
39
513
438
682
908
560
995
824
129
753
604
491
284
88
866
475
775
625
181
155
291
63
454
496
4
756
30
88
432
367
939
94
888
912
328
848
631
194
97
779
216
676
92
276
294
213
149
475
808
580
411
414
383
74
525
534
151
133
122
210
132
120
959
404
191
7
445
411
82
783
705
243
345
506
462
705
235
492
168
776
913
606
782
272
799
98
982
457
5
485
208
408
965
490
387
714
799
541
681
658
291
408
174
221
421
266
297
63
944
599
725
397
851
792
362
449
120
409
164
821
291
849
484
616
635
289
176
729
314
8
527
719
475
397
388
521
665
254
772
768
132
353
708
77
842
927
98
658
454
410
885
260
218
356
682
306
310
418
912
803
621
135
949
438
206
529
485
133
807
814
390
260
50
595
975
209
596
182
909
683
608
979
900
479
671
372
508
697
411
309
460
645
93
76
70
131
695
411
200
139
557
940
444
215
41
64
417
353
239
979
758
997
296
267
736
777
866
620
157
467
659
534
43
667
71
622
822
245
884
678
972
146
108
557
686
426
10
395
275
761
641
589
113
620
847
250
203
714
678
694
679
797
22
68
333
452
132
875
566
316
476
772
933
338
33
332
958
963
19
694
583
507
318
272
149
616
482
200
967
769
23
326
950
446
341
600
27
680
296
255
613
728
380
303
804
244
349
868
912
870
188
1
938
776
460
414
688
438
559
631
419
261
272
320
355
867
575
712
725
233
381
508
553
420
957
403
598
974
449
831
405
