100
400
749
890
712
468
602
380
797
340
505
809
455
563
38
457
708
341
962
301
547
747
755
524
196
747
205
140
99
782
838
377
832
165
55
589
8
703
752
326
29
309
645
877
437
532
249
128
222
936
73
838
715
24
116
618
325
278
477
255
400
300
301
662
357
430
324
994
79
662
745
528
838
717
567
456
958
643
908
464
151
325
49
562
722
450
550
688
315
251
891
856
713
778
452
744
389
353
536
964
467
318
343
887
919
151
318
892
304
886
318
970
79
26
642
688
677
866
293
290
688
597
521
192
155
858
103
958
67
106
212
191
927
457
835
926
72
809
964
728
71
661
105
518
783
652
28
354
548
597
149
939
140
590
696
150
634
591
208
364
574
296
966
287
344
850
623
649
983
253
174
820
755
333
32
352
504
861
82
766
1
448
718
248
624
585
615
640
67
453
772
717
8
503
316
313
105
580
886
768
982
549
827
737
704
326
855
516
529
355
730
677
984
574
30
125
852
888
421
362
214
128
811
51
634
909
575
792
97
466
861
162
15
964
901
341
827
791
878
481
265
339
583
752
649
98
193
136
713
183
700
236
250
162
619
593
39
522
744
328
752
867
983
540
526
537
800
39
225
614
730
634
82
600
721
635
473
22
763
355
270
901
233
22
273
781
67
330
197
370
894
365
377
930
407
298
128
412
264
113
564
623
952
307
328
91
235
612
446
474
421
426
27
915
600
70
213
389
868
980
586
498
59
367
790
372
190
779
687
900
705
998
226
673
884
387
179
993
519
506
486
671
689
323
576
30
877
800
10
435
847
815
545
937
260
241
657
310
820
275
410
386
854
279
981
61
940
807
219
986
626
489
888
827
602
150
609
103
269
261
132
642
550
659
897
845
273
606
541
512
197
72
161
729
741
798
319
319
641
552
20
342
