100
400
671
435
924
607
589
788
876
584
197
19
524
710
995
827
38
130
621
573
37
413
345
739
262
5
535
148
478
624
13
384
350
894
408
22
176
352
560
739
434
835
992
984
871
139
472
584
873
817
356
768
683
545
14
316
570
929
695
500
574
294
333
74
220
248
737
865
62
469
548
893
863
125
112
40
15
659
910
340
252
590
520
957
711
473
783
243
341
158
559
724
151
789
87
193
96
635
122
161
107
301
905
904
509
851
167
347
73
114
389
301
205
434
463
496
211
909
246
828
881
590
792
60
407
232
533
573
233
804
883
269
130
641
731
131
86
228
486
943
404
671
226
515
7
960
32
78
773
527
345
969
370
325
934
603
92
948
782
30
771
919
499
850
800
342
969
607
663
157
470
849
31
352
420
521
735
710
76
575
91
659
551
511
64
162
171
948
843
211
713
100
997
480
923
127
625
553
84
484
8
156
592
754
681
575
220
348
599
568
361
87
932
190
603
956
250
382
365
818
293
997
5
334
715
440
352
850
404
126
534
11
346
685
810
117
631
356
893
901
494
673
399
642
432
678
59
939
242
529
829
153
794
486
444
823
455
661
723
477
962
954
201
660
653
826
527
3
142
351
669
214
440
274
132
599
719
253
735
968
596
742
132
671
883
240
288
513
249
159
933
430
476
526
773
442
2
676
743
889
621
854
842
759
146
632
748
66
528
851
423
156
809
321
531
302
455
668
637
928
884
359
886
890
626
300
208
203
910
908
655
353
211
543
616
252
103
955
282
874
749
71
234
513
582
60
308
60
835
900
714
985
874
213
107
845
882
284
932
829
124
965
35
860
130
797
479
713
437
604
526
415
389
735
724
281
944
398
249
582
76
254
684
206
551
710
751
940
230
816
345
779
574
222
787
510
412
807
495
44
35
751
