100
400
670
749
185
155
654
656
196
631
227
566
172
214
654
528
586
630
878
931
616
883
909
925
812
943
301
181
862
109
109
979
827
779
840
688
32
801
321
887
920
205
998
795
893
259
341
526
607
224
352
838
113
151
509
614
324
495
764
568
713
365
841
372
927
439
951
914
805
366
730
930
180
854
530
346
851
586
696
690
131
420
783
116
180
241
786
162
334
111
903
634
221
73
876
866
106
979
394
550
783
980
407
670
591
482
538
442
889
23
160
491
436
181
774
336
188
434
314
822
387
841
382
178
530
763
430
476
299
806
383
802
77
829
554
974
192
910
367
174
692
156
103
76
105
558
581
372
269
869
587
698
870
264
567
39
555
430
709
535
616
643
27
501
759
859
416
937
684
386
516
368
375
419
278
264
303
889
736
631
81
931
610
800
424
195
857
438
80
747
548
980
53
871
465
854
929
355
292
924
898
672
475
880
904
289
39
712
390
290
156
167
800
616
577
170
614
181
491
589
843
614
826
507
252
751
721
870
548
958
229
604
748
156
218
490
357
419
774
708
716
922
336
231
138
20
883
673
528
244
13
179
989
994
968
188
28
805
438
669
456
878
530
812
198
985
449
916
494
564
430
601
748
670
430
394
256
476
117
180
910
152
850
249
174
110
651
834
634
245
299
744
593
172
102
879
672
668
12
816
53
587
533
210
872
725
645
151
808
582
934
151
84
718
84
600
315
244
63
380
395
974
298
899
149
646
508
3
348
286
298
900
727
48
406
981
231
163
975
926
22
787
573
239
393
480
315
338
836
15
244
560
374
459
984
736
276
128
78
619
851
701
54
981
76
672
507
209
802
265
29
38
923
133
9
634
182
611
565
351
671
639
722
707
693
132
148
487
851
621
442
599
223
505
427
522
653
924
360
154
752
47
