100
400
229
21
675
938
710
828
348
716
931
328
364
465
1
179
921
500
952
865
226
234
495
573
564
824
927
215
314
83
29
196
299
327
120
216
763
517
481
683
35
880
424
198
331
522
533
410
397
340
779
93
55
294
658
606
567
775
386
581
999
862
540
901
807
889
468
347
352
412
930
207
117
630
710
169
897
467
636
471
771
246
596
799
476
292
59
489
819
96
74
952
839
741
89
715
530
466
564
506
723
520
468
88
440
421
649
564
874
597
543
243
59
974
607
4
611
480
317
846
421
812
545
429
661
922
933
122
932
408
620
12
308
776
548
389
235
208
526
226
790
487
363
132
965
221
122
870
730
901
129
568
445
18
489
660
944
467
598
535
613
339
509
295
28
238
102
935
383
402
984
932
246
538
56
240
443
378
489
745
898
653
771
400
604
702
792
343
912
863
823
661
527
93
533
789
805
394
700
384
333
532
793
8
310
292
973
700
369
132
721
545
25
33
147
883
888
661
787
486
178
679
717
52
175
609
337
91
539
175
630
378
455
641
370
353
939
365
495
334
293
800
112
102
358
298
351
927
135
869
681
282
620
210
759
969
181
222
678
521
37
914
634
937
914
786
349
282
703
377
395
358
559
336
82
936
238
38
276
950
907
364
733
247
906
536
273
408
320
745
353
81
803
984
152
815
348
644
835
14
781
684
53
582
71
797
32
428
203
541
940
724
880
536
25
924
843
451
406
756
223
659
578
411
555
499
779
94
866
531
19
830
990
774
514
834
465
502
479
769
657
513
429
720
5
94
667
54
76
670
861
798
901
222
251
153
51
750
744
666
360
815
325
770
182
864
733
696
622
89
66
614
786
4
362
345
404
506
478
445
889
441
983
776
584
906
907
475
4
256
97
403
753
592
473
727
570
636
40
161
565
514
