100
400
424
162
805
706
22
789
194
930
944
935
263
964
472
129
711
246
689
138
97
488
723
973
674
982
474
377
80
813
266
328
615
37
250
708
263
752
47
721
480
184
151
520
193
720
35
635
713
496
927
763
698
831
172
517
490
612
134
232
779
519
132
402
400
323
609
999
742
243
318
723
827
468
799
633
318
647
25
772
641
304
965
860
431
303
932
541
1000
311
692
207
73
656
643
289
16
377
918
509
986
904
403
392
647
810
65
121
205
224
384
613
525
250
816
721
79
324
378
333
728
263
58
546
796
504
556
158
60
226
467
299
499
455
851
378
857
918
753
904
607
889
762
418
433
181
72
99
877
708
94
8
513
344
694
581
128
982
823
650
876
537
653
377
142
229
1000
146
618
321
954
567
741
449
10
205
189
337
959
530
91
27
897
469
676
694
457
177
624
540
919
773
165
645
512
728
914
888
76
753
816
1000
439
9
775
443
487
503
858
155
338
93
139
925
478
194
174
712
938
133
884
311
333
786
476
154
561
351
43
549
286
4
917
40
671
274
997
785
119
730
738
131
252
558
115
45
885
920
519
538
715
405
32
718
151
512
841
585
725
260
500
552
805
781
135
889
89
430
556
352
198
196
408
928
98
252
955
987
135
895
387
840
621
133
389
437
769
239
383
551
262
734
434
8
143
947
45
1000
149
416
214
355
348
114
643
561
11
231
281
498
517
752
955
683
850
235
507
72
157
72
59
632
716
687
2
53
196
483
774
699
891
180
47
772
922
727
275
990
555
258
585
278
443
863
501
896
399
18
398
50
707
761
970
381
151
398
727
482
13
844
892
70
315
439
626
808
787
906
67
611
268
889
175
450
39
876
227
858
355
769
544
530
815
712
113
536
194
376
790
954
632
132
46
58
392
267
899
280
298
995
135
477
