100
400
15
692
280
947
190
910
213
309
180
559
612
559
257
385
250
901
339
531
728
154
435
45
582
43
295
16
98
267
642
114
888
336
427
41
897
47
661
385
46
83
631
834
411
429
577
287
708
719
484
609
261
367
711
699
93
411
843
675
498
805
118
555
975
94
269
719
834
664
758
821
67
725
441
689
602
410
356
643
457
814
945
172
824
419
129
281
426
347
167
769
636
427
656
418
905
712
986
293
773
254
683
804
365
668
492
691
493
878
669
767
680
726
250
266
225
216
883
146
887
400
356
107
447
709
83
949
969
48
380
173
514
887
262
879
940
923
222
351
582
620
861
361
143
430
642
120
973
996
531
457
509
966
45
84
299
35
697
599
868
196
315
487
536
801
387
57
594
877
263
822
146
211
791
321
789
496
297
803
971
286
774
559
755
415
761
721
695
746
437
91
14
998
50
324
777
600
172
172
804
872
471
691
131
726
814
775
840
909
847
991
680
146
982
307
721
434
5
932
209
678
734
84
103
976
793
13
629
970
222
765
301
628
343
644
430
445
438
653
272
1
71
547
770
278
474
249
286
610
555
180
606
4
751
614
531
487
824
938
943
551
650
435
174
506
721
706
837
630
653
522
73
825
599
588
98
819
526
454
53
535
673
70
349
690
3
940
480
108
898
126
311
968
181
389
479
596
627
665
173
98
212
23
702
969
465
611
830
127
636
467
578
645
419
937
410
237
151
954
306
314
823
990
91
22
872
80
552
210
976
57
744
763
338
268
196
374
624
739
90
359
681
942
283
325
433
914
256
870
716
833
33
385
938
80
164
742
988
895
684
454
120
632
881
505
36
509
146
354
124
802
777
705
732
944
625
444
498
782
105
127
506
374
723
494
81
205
329
38
953
208
588
507
686
124
441
348
178
769
58
361
