100
400
775
571
341
88
893
817
739
971
669
243
735
689
596
799
3
335
828
599
79
662
987
349
652
203
443
107
501
721
558
100
191
443
784
247
964
702
868
293
594
278
319
323
761
924
693
269
265
452
328
308
116
217
204
904
913
727
603
485
959
79
602
164
606
249
866
311
162
682
441
942
310
277
368
552
840
609
364
77
999
169
68
484
505
650
471
922
139
662
216
715
116
81
195
974
611
638
87
620
760
295
284
404
331
693
42
36
925
166
359
135
587
302
247
100
177
316
761
314
741
194
583
355
194
929
704
558
381
129
619
880
624
754
990
968
496
944
868
269
227
721
594
901
134
981
951
66
407
198
154
602
513
199
314
300
982
802
82
138
957
340
157
624
102
599
277
168
636
551
996
946
945
567
77
706
494
821
53
704
30
470
270
862
809
70
493
297
231
390
822
349
734
820
876
218
738
145
889
139
376
104
493
96
282
943
787
455
70
263
783
457
791
624
192
305
816
409
67
734
631
117
270
647
81
58
866
769
340
891
253
337
954
219
324
643
260
599
40
943
998
261
353
792
225
436
823
416
293
718
852
804
271
97
846
85
890
717
391
471
67
88
863
894
363
450
941
543
139
55
101
827
442
982
571
374
496
675
375
383
625
528
742
396
810
698
615
350
953
330
548
327
835
149
40
346
880
984
275
7
897
661
257
10
31
336
624
139
473
330
697
653
743
914
174
314
369
821
828
738
539
471
374
792
180
704
920
920
130
71
882
914
328
60
511
354
909
12
214
311
309
234
120
535
959
276
702
117
232
142
526
230
603
693
407
502
817
636
910
382
435
823
994
71
780
744
121
380
498
647
15
563
89
119
583
662
190
325
552
371
83
734
26
219
168
481
708
328
132
622
783
749
171
830
351
650
651
808
152
33
483
796
