100
400
212
631
214
420
734
424
949
159
617
392
476
228
288
799
28
66
408
482
367
758
130
245
171
716
668
335
942
712
342
914
799
841
657
429
508
484
222
813
717
9
313
536
153
603
584
457
883
787
653
600
859
328
63
765
553
719
409
549
81
367
936
611
721
636
495
915
838
761
751
286
596
522
262
83
755
598
711
408
695
217
746
636
670
951
619
251
358
595
317
318
715
626
84
479
573
568
759
186
711
495
330
174
186
990
160
345
462
72
626
113
680
942
568
554
531
776
962
884
897
483
10
21
870
93
415
756
232
564
593
956
36
851
730
346
346
217
698
667
293
529
320
689
474
461
661
190
550
173
688
495
347
58
199
55
207
379
362
360
389
691
964
895
261
810
459
46
168
527
240
352
143
366
757
633
191
686
821
13
121
357
109
495
592
324
175
685
569
202
960
258
273
699
719
723
128
83
714
122
919
960
157
979
876
841
437
36
388
17
692
372
302
955
518
845
595
310
101
646
195
334
32
268
749
847
919
288
765
33
345
517
5
87
540
57
181
783
801
758
939
488
488
306
185
414
139
20
921
242
175
348
70
710
144
521
690
267
34
993
716
294
210
219
37
964
281
809
769
673
104
275
872
199
206
77
380
280
601
36
526
646
622
47
591
145
602
723
697
534
766
269
69
156
701
759
935
80
814
345
333
755
396
648
2
363
740
60
236
86
300
444
365
789
192
305
756
149
337
408
599
489
927
294
346
221
377
317
248
380
482
573
783
851
387
561
365
787
47
872
715
86
783
520
291
133
281
36
387
44
808
706
417
288
153
103
871
126
874
578
156
619
224
425
147
905
380
874
117
278
896
786
537
965
540
410
999
874
618
861
363
275
343
890
831
937
498
316
347
639
165
43
829
309
373
436
771
646
635
246
623
812
