100
400
605
455
896
215
796
997
326
757
984
221
167
510
113
947
491
117
163
251
852
887
447
106
857
853
318
184
112
352
334
97
962
440
263
873
587
356
432
782
889
639
335
891
925
907
447
637
552
345
225
258
189
534
14
399
437
832
190
303
508
318
51
201
470
732
18
553
495
882
563
654
394
516
635
291
784
485
586
200
787
642
520
233
342
190
418
60
322
189
490
477
500
806
847
310
138
227
827
460
313
605
160
768
723
176
235
552
16
130
46
814
933
300
215
412
123
19
35
869
592
242
748
590
344
972
201
218
820
598
266
597
769
302
315
236
932
70
697
706
269
706
897
668
730
29
977
569
129
762
191
799
986
155
647
595
677
748
14
458
713
754
615
342
505
362
271
977
819
692
51
264
189
536
815
662
787
848
567
105
551
549
844
464
217
127
805
639
39
906
320
705
468
544
766
402
465
587
22
956
290
534
95
757
386
284
557
489
952
455
871
651
349
3
533
958
552
396
223
955
402
179
886
526
454
206
238
80
784
628
35
824
729
640
986
366
764
257
392
326
284
233
69
411
3
750
849
365
647
171
68
680
709
610
211
330
204
557
54
833
315
939
882
597
721
786
776
865
688
518
498
457
346
420
66
217
205
796
616
756
262
128
786
273
485
175
552
963
432
900
685
108
206
743
446
443
622
328
348
523
556
628
871
38
506
200
715
745
450
16
9
740
763
964
13
621
838
255
800
809
496
466
887
126
716
847
482
748
158
829
763
843
682
755
262
389
209
235
418
207
329
662
632
646
847
382
486
46
312
452
929
788
555
819
368
872
107
626
465
34
130
382
110
724
449
909
797
17
395
160
705
164
182
142
848
904
273
373
85
755
486
471
928
957
459
132
191
931
127
552
327
561
925
985
882
132
228
829
921
384
811
436
