100
400
99
400
44
10
613
774
160
654
382
506
806
129
792
275
465
706
18
283
665
223
77
414
352
394
438
970
459
897
587
770
987
109
219
923
139
749
673
244
449
134
435
109
131
679
419
183
287
133
808
886
927
946
490
377
848
780
488
839
530
899
844
537
542
396
420
654
22
383
44
812
235
663
490
314
443
197
254
315
621
271
699
42
39
704
919
961
675
740
927
954
707
719
102
793
660
414
248
513
858
751
328
973
267
624
966
266
539
627
869
326
746
478
492
394
128
60
200
450
37
387
803
725
173
811
60
690
34
411
922
56
98
373
334
231
274
60
369
234
717
49
500
347
266
246
609
786
404
276
371
778
3
203
430
268
355
399
890
37
700
548
361
53
285
423
30
579
100
262
479
582
917
989
208
858
231
819
730
560
421
292
839
549
494
565
93
277
461
119
36
714
882
568
402
285
88
173
356
115
706
789
879
820
306
397
282
805
260
102
448
2
394
763
92
753
920
428
308
610
828
753
528
124
684
388
258
269
1000
324
367
623
436
653
404
500
697
621
98
465
169
512
940
952
880
366
412
850
180
747
482
905
225
275
581
27
921
6
162
893
91
995
696
51
346
616
813
500
958
408
758
433
973
303
745
668
202
916
571
736
439
113
635
21
564
739
365
819
930
264
677
509
41
664
17
407
186
539
918
80
499
228
345
290
870
282
751
168
39
530
473
364
879
434
252
489
199
453
984
726
102
239
894
546
84
463
163
640
870
509
401
842
292
618
625
184
102
606
496
743
390
918
72
444
512
121
538
231
58
83
61
935
155
287
169
484
807
211
455
851
174
836
275
29
249
408
164
431
632
497
919
777
168
955
282
148
310
125
282
882
792
747
952
892
490
387
463
333
175
926
29
689
592
407
530
469
233
356
9
838
800
334
