100
400
617
62
655
478
209
363
241
823
700
724
176
687
1000
640
903
546
454
95
527
825
25
856
381
340
253
132
549
471
753
193
126
470
784
379
813
704
649
322
294
425
10
67
45
894
524
415
39
670
114
726
522
793
850
320
97
31
642
806
962
878
85
246
367
361
969
196
651
562
759
660
96
800
880
333
182
503
323
28
890
362
461
887
28
528
117
38
614
340
989
283
62
609
678
848
695
394
430
66
508
482
630
31
566
48
219
971
904
820
511
552
587
543
260
525
118
212
324
745
989
385
943
266
800
438
519
641
160
923
238
355
421
415
90
646
236
782
561
420
887
324
487
674
76
312
161
165
268
657
420
540
661
43
97
586
751
38
676
400
462
81
589
74
536
565
310
28
987
564
894
572
578
314
359
971
714
346
592
234
679
959
464
521
458
684
518
583
576
784
152
80
837
671
158
772
151
365
884
197
398
376
214
915
191
693
365
874
153
863
364
654
691
921
890
752
624
237
266
669
877
33
741
101
158
548
990
532
518
661
760
361
184
967
866
541
869
951
37
720
399
860
651
676
526
48
756
815
690
660
297
984
772
873
185
595
277
877
852
535
918
386
720
841
744
945
578
973
320
825
662
396
282
485
776
18
889
133
477
328
210
385
657
573
894
625
802
149
81
107
707
703
196
516
63
713
551
298
855
957
886
591
559
726
895
998
654
584
557
730
228
322
3
311
285
831
848
35
69
417
341
206
332
804
980
116
110
689
877
208
622
723
65
1000
179
171
355
179
425
524
791
359
23
736
299
323
343
713
601
996
345
487
885
247
457
528
113
326
649
836
617
706
663
494
185
305
512
194
594
682
710
61
47
729
26
274
539
552
630
497
543
693
794
827
897
12
95
882
861
170
231
218
19
627
988
452
635
55
791
825
571
838
