100
400
20
545
628
743
530
544
888
929
644
760
696
752
906
563
368
593
263
156
81
145
979
495
478
772
47
596
526
106
593
478
530
480
878
147
611
787
860
400
216
538
671
286
238
978
605
110
845
764
420
475
662
606
179
454
678
523
946
209
59
727
4
888
372
518
993
599
407
596
931
727
614
830
740
329
285
879
207
391
830
561
42
379
51
157
810
91
932
868
660
889
98
76
570
422
808
849
510
717
656
425
431
59
387
128
70
777
562
44
258
604
424
262
352
874
983
239
514
766
424
28
984
536
656
892
608
591
850
612
199
512
359
37
16
951
997
510
442
227
296
264
686
124
441
860
385
112
101
180
787
807
988
740
439
588
844
778
311
139
271
814
306
343
466
808
428
901
215
216
975
299
822
619
424
900
414
827
227
630
621
585
503
141
55
324
448
65
12
459
826
744
687
19
609
701
378
276
874
91
222
300
115
943
288
220
956
392
761
108
172
514
443
234
924
653
961
237
600
616
206
976
442
739
572
238
531
724
146
177
952
670
190
257
688
40
178
219
153
619
710
306
766
299
96
184
640
972
780
25
380
216
946
817
481
762
811
322
426
235
511
243
53
740
116
440
463
734
977
31
488
207
220
437
577
245
837
946
567
63
677
673
709
647
308
41
406
601
913
337
684
929
470
224
585
900
323
706
76
649
471
689
679
685
908
791
942
853
461
789
952
931
286
989
348
205
984
743
216
73
748
471
354
346
545
363
394
659
578
995
984
740
474
630
464
859
6
129
870
44
843
470
912
670
374
893
627
767
157
187
920
865
656
205
845
645
427
169
514
504
298
561
581
293
364
24
490
312
438
633
282
769
794
225
618
703
184
84
445
116
260
400
22
536
873
676
357
141
545
750
201
510
299
484
787
917
856
701
20
548
724
837
