100
400
432
519
967
135
22
638
111
753
823
86
946
967
367
719
101
495
538
109
692
458
668
418
389
283
438
435
666
824
372
447
362
687
153
9
313
84
807
761
42
836
380
103
680
69
341
575
706
929
932
251
378
970
297
59
851
515
235
419
819
918
25
634
331
224
512
546
499
41
949
336
68
830
934
206
883
940
945
171
715
978
417
707
518
383
79
509
423
559
864
97
145
101
75
223
12
977
754
690
698
807
162
769
3
561
614
173
989
828
534
437
824
530
493
798
775
52
47
256
152
4
324
11
927
254
70
449
275
989
810
758
155
65
180
678
96
164
589
757
295
330
639
874
617
323
44
854
353
128
636
209
510
829
673
917
506
90
677
477
80
348
118
696
848
838
275
874
279
363
872
474
284
456
153
391
435
769
5
5
623
77
665
652
717
344
502
945
122
303
23
239
395
504
82
25
280
181
758
568
483
149
16
800
75
51
592
92
877
842
831
876
400
761
665
573
528
64
898
578
236
211
152
480
524
655
845
15
399
157
724
490
783
911
687
873
557
248
650
345
401
856
994
79
735
526
584
529
614
123
277
28
433
929
634
701
103
209
534
979
648
806
402
357
75
53
527
207
109
323
534
598
143
859
958
630
73
77
858
780
54
979
889
16
263
521
416
426
218
380
364
787
560
902
154
877
684
616
336
461
6
149
469
413
590
38
305
725
867
188
594
543
440
257
629
563
685
267
269
858
277
631
71
240
126
403
144
694
375
711
86
577
692
263
930
930
654
200
43
667
640
654
372
698
55
554
179
406
80
326
6
614
212
656
850
883
495
467
381
598
764
919
709
291
244
476
580
500
912
489
482
299
598
257
784
693
993
537
35
724
881
77
29
30
43
986
73
328
655
10
384
588
462
373
263
471
764
996
398
400
630
456
