100
400
619
526
62
483
570
788
778
745
156
487
433
482
419
72
195
524
696
863
536
623
419
374
149
45
37
670
185
315
11
197
868
792
593
26
586
62
619
641
580
992
812
288
392
824
964
518
379
798
563
601
266
321
892
722
3
567
300
686
643
222
878
552
604
548
698
461
916
623
753
878
601
92
246
738
436
168
835
784
32
649
383
255
662
403
484
205
401
417
79
717
944
172
850
592
709
718
127
527
948
310
111
938
382
505
694
343
298
72
73
368
212
558
325
283
34
803
988
134
554
684
309
233
325
352
988
344
372
520
670
816
312
147
367
926
72
999
807
306
499
199
193
435
329
396
166
22
517
504
695
855
929
641
939
106
257
532
991
793
999
887
846
965
714
289
383
734
542
285
243
811
320
645
602
545
118
702
523
732
507
574
70
680
95
146
867
728
11
813
794
444
417
37
973
564
34
166
692
565
890
770
200
316
912
788
776
689
726
91
917
992
48
478
93
697
628
235
871
699
233
221
884
21
628
80
243
721
46
431
778
38
639
642
569
274
96
679
144
614
592
381
382
174
453
355
607
560
90
837
49
43
728
455
189
647
325
759
349
484
231
415
429
349
936
211
946
266
101
973
939
621
583
511
208
224
437
873
396
301
202
782
362
604
835
84
696
847
176
779
542
317
99
426
387
756
703
116
429
859
572
451
989
799
619
485
600
484
960
175
296
371
817
107
258
973
253
772
433
704
66
341
610
841
416
951
192
830
155
456
781
962
201
165
335
732
801
154
942
870
681
504
365
1000
646
562
231
142
38
518
694
853
516
399
416
320
528
997
791
599
33
337
251
784
263
810
533
648
120
962
298
110
139
62
411
753
297
292
281
398
9
213
978
483
846
145
792
587
835
378
830
807
588
816
576
440
985
386
920
556
967
675
