100
400
780
801
157
319
86
95
409
990
521
158
516
829
333
12
146
36
78
807
173
296
994
649
204
769
557
820
26
138
695
411
45
723
410
852
428
890
340
547
801
246
936
62
491
807
396
559
391
686
995
321
688
804
890
733
382
63
602
867
362
495
323
369
382
84
992
851
327
177
708
413
402
717
820
305
72
704
719
410
84
614
58
758
858
788
948
132
282
62
919
38
149
71
16
322
620
771
976
145
773
779
370
339
262
382
785
491
896
112
460
286
261
878
150
314
334
909
187
791
867
779
494
699
951
825
526
597
538
788
457
568
686
863
310
82
185
71
98
172
255
198
499
691
430
549
402
49
152
167
363
240
766
254
915
54
118
255
171
617
589
76
189
70
379
176
67
224
217
225
750
675
79
67
252
354
465
515
352
951
471
980
997
723
927
661
635
816
955
820
858
948
761
711
140
617
177
797
967
990
654
641
34
996
373
723
155
56
766
430
463
915
571
938
472
523
527
921
113
263
530
898
698
235
807
498
156
680
825
965
82
152
993
112
509
611
925
474
918
645
472
922
333
514
958
872
739
207
952
106
34
577
692
456
216
946
283
553
384
515
346
149
269
681
572
193
805
795
481
978
62
166
913
976
263
959
833
748
685
574
448
602
357
258
843
616
954
996
51
69
632
601
860
454
620
956
77
117
71
508
381
262
388
365
373
608
694
42
138
365
321
973
933
477
817
656
600
549
918
776
449
792
378
390
197
968
22
687
174
64
666
256
574
486
280
418
455
705
975
448
286
652
603
507
27
83
229
197
187
906
740
167
540
45
368
249
609
752
436
704
265
541
296
387
695
199
492
696
121
44
647
361
687
737
446
773
945
829
119
41
829
495
126
830
121
393
10
484
697
618
786
275
429
438
575
542
814
737
664
31
879
203
