100
400
162
167
240
980
182
853
64
418
545
733
567
52
569
109
230
385
692
924
67
393
323
656
811
837
194
458
200
800
426
180
315
242
903
532
33
777
514
202
429
419
764
639
729
834
1
826
560
976
519
542
119
716
600
952
142
369
456
92
690
640
390
410
139
404
683
592
405
145
192
181
534
497
798
742
60
850
661
750
227
46
53
569
656
892
243
258
256
998
114
482
789
129
537
276
914
688
764
375
73
787
120
887
328
615
630
432
42
985
685
805
910
698
247
601
43
921
638
446
758
709
433
915
565
178
465
279
211
873
311
921
493
332
259
10
23
515
265
162
843
958
934
1
745
847
956
474
925
820
685
743
721
186
81
204
913
387
850
200
556
531
271
289
705
374
988
562
949
225
827
674
625
30
492
702
286
765
965
150
665
518
846
38
991
42
110
336
319
926
685
602
460
255
929
453
373
812
317
548
19
123
483
823
325
989
959
505
893
612
807
536
569
969
464
131
871
464
763
461
585
749
24
609
330
700
710
150
704
784
169
690
123
760
675
152
325
712
117
410
456
993
229
647
266
388
860
819
671
577
478
705
198
712
387
372
171
112
828
788
249
312
627
125
668
996
176
543
431
384
627
413
910
883
818
778
219
984
816
783
1
653
644
367
335
258
106
736
755
571
283
976
42
404
591
741
564
543
572
611
72
414
961
478
232
367
887
843
736
595
405
551
943
963
838
915
331
750
430
428
22
9
987
399
439
92
47
248
577
94
875
133
106
768
706
178
321
475
18
633
285
320
42
956
24
261
274
588
188
214
992
361
369
770
639
193
54
136
409
254
44
39
940
451
678
371
573
824
291
758
718
734
344
27
214
467
935
892
767
770
849
559
149
290
979
562
975
521
561
309
271
404
553
349
844
24
543
631
62
241
656
453
