100
400
535
708
982
881
697
711
139
170
508
586
445
790
121
45
131
208
72
792
927
893
187
171
273
411
203
528
328
40
710
605
223
216
867
371
400
565
522
325
356
816
995
131
517
950
462
547
56
445
144
938
737
759
764
564
630
49
990
934
754
932
829
429
187
278
814
848
563
228
826
43
255
418
55
532
183
702
241
907
138
913
713
933
519
752
532
679
104
162
519
570
41
417
978
541
396
946
627
202
706
610
583
884
348
885
992
990
631
926
557
773
406
220
298
755
837
205
116
983
496
235
626
721
561
50
760
675
617
650
279
901
398
171
954
195
493
781
121
700
216
997
382
593
190
917
304
305
821
110
543
890
476
921
903
248
258
338
730
384
239
89
722
394
663
423
106
66
588
173
847
975
366
524
360
241
372
225
165
110
71
131
616
237
931
362
581
300
605
253
410
102
159
219
213
894
655
928
632
495
241
38
686
815
982
214
695
480
239
61
215
633
255
447
278
381
671
607
180
83
90
138
755
940
457
729
333
307
731
804
807
423
765
967
4
122
795
679
879
674
896
948
106
848
886
410
545
729
610
120
333
10
386
224
533
424
549
484
317
663
222
67
504
496
827
181
335
290
711
910
598
338
13
503
743
67
431
708
981
136
909
667
43
128
780
176
19
947
478
287
522
299
377
685
425
811
961
972
444
180
101
676
113
301
695
451
752
453
402
884
822
506
647
952
597
379
833
796
904
189
914
311
459
337
567
201
751
397
911
70
692
893
922
374
746
853
193
427
704
136
824
847
429
567
841
121
447
330
265
914
133
661
870
143
799
209
570
73
695
559
783
315
14
872
510
534
68
665
346
373
400
412
281
592
621
736
219
718
609
749
289
460
951
377
931
208
236
911
872
604
578
358
854
594
757
885
740
936
931
482
183
199
