100
400
832
231
50
971
230
891
129
855
529
116
317
761
713
74
605
947
152
248
864
213
103
428
865
153
478
378
625
690
47
358
879
734
562
100
949
166
306
71
965
617
63
240
365
161
45
110
861
27
666
355
325
876
638
984
119
410
239
788
104
286
316
462
369
471
145
153
912
63
530
719
586
1000
666
161
478
977
564
423
626
495
216
667
109
78
149
408
587
165
98
410
817
411
551
608
410
129
599
217
227
687
701
494
597
680
594
838
105
630
772
912
779
561
23
863
343
371
209
158
685
544
861
615
635
364
727
658
633
939
509
366
957
881
316
910
526
91
137
75
745
79
327
735
524
829
461
270
328
289
156
956
996
71
637
199
896
243
199
491
827
902
681
607
495
46
512
441
371
593
261
359
504
914
349
960
275
369
861
476
447
17
486
793
636
615
765
594
950
28
864
891
842
24
612
781
113
805
710
259
447
117
240
873
854
604
86
912
452
219
710
857
883
110
392
843
370
764
497
205
339
964
976
380
1
23
678
205
442
863
615
701
883
914
398
404
481
628
730
295
761
429
617
135
908
75
638
755
623
504
513
375
623
518
83
253
441
968
716
69
273
147
814
364
192
269
317
230
819
896
754
804
20
310
631
650
282
561
702
713
611
668
659
102
465
695
780
958
88
954
492
461
474
39
58
357
777
133
568
937
568
34
487
508
251
631
284
850
926
946
565
823
642
968
993
882
671
115
391
251
303
731
104
472
285
631
130
445
409
373
24
735
852
314
724
693
457
371
34
961
607
217
623
860
679
10
994
575
835
461
452
954
461
841
444
267
232
942
179
563
51
328
875
928
260
376
787
620
808
292
709
455
92
36
643
474
761
493
482
984
13
78
989
283
392
925
342
531
451
957
192
650
254
132
776
126
956
987
199
631
255
925
