100
400
622
556
679
43
425
653
972
335
879
151
670
276
645
87
714
266
973
236
1
897
686
865
230
569
198
814
56
66
374
110
569
266
827
391
911
96
795
791
959
926
943
423
240
123
804
162
735
895
912
503
967
438
561
916
583
197
769
254
107
144
576
739
900
632
633
165
570
331
681
600
990
864
205
208
359
363
579
107
987
260
708
411
515
695
939
343
341
484
205
380
294
85
232
579
586
906
979
790
888
409
268
262
680
978
50
995
88
180
235
365
688
941
1
503
256
129
162
924
32
544
641
698
125
389
293
452
522
981
8
803
834
299
296
668
288
516
338
699
843
691
701
256
936
879
267
723
539
933
458
461
386
775
666
209
902
518
64
651
335
654
272
647
200
138
79
240
106
352
287
519
345
76
275
771
58
360
597
369
40
784
737
378
302
698
970
873
246
336
266
388
27
848
496
998
212
330
842
810
315
129
333
245
554
539
955
936
323
562
57
89
626
7
979
610
644
448
188
70
465
382
853
97
768
192
570
85
551
292
538
770
605
777
372
163
433
722
105
303
624
491
239
745
417
483
350
201
810
499
107
261
657
709
806
501
734
305
244
640
640
38
454
832
270
301
554
560
715
59
834
640
88
774
763
738
89
717
237
897
421
20
652
315
618
588
761
618
380
876
882
989
408
4
773
185
374
230
245
75
279
491
946
411
206
64
968
943
321
667
58
423
732
139
171
817
959
537
501
503
984
910
752
971
118
299
912
710
396
559
66
330
965
708
247
616
238
567
409
67
153
821
424
132
869
605
418
154
679
151
852
119
449
333
350
218
793
43
115
332
343
941
657
837
110
946
784
269
77
132
439
876
337
193
218
162
184
389
326
307
282
526
79
166
401
435
140
996
297
668
16
199
624
733
256
937
654
250
256
581
446
546
