100
400
464
515
588
387
123
24
537
581
457
661
260
472
421
823
584
127
340
822
36
217
487
768
45
614
868
653
373
299
23
88
519
869
130
193
403
999
546
906
145
410
899
786
656
595
304
800
294
471
130
415
838
188
478
453
874
311
437
143
183
170
637
146
11
963
55
30
193
72
576
265
251
541
281
483
377
161
544
984
359
735
790
74
225
726
166
605
432
468
911
39
663
870
961
351
819
378
876
965
909
289
346
47
372
466
74
827
21
642
270
824
16
178
44
988
117
49
37
694
275
170
209
778
742
776
47
968
797
246
93
442
298
534
9
580
791
779
20
321
276
415
287
750
267
145
335
530
532
803
899
522
665
453
744
594
323
746
202
150
834
438
330
497
655
462
425
382
859
193
301
797
628
143
250
148
42
677
594
818
497
800
682
574
981
811
985
919
891
464
365
401
728
19
333
456
839
785
900
798
745
234
152
927
971
539
407
176
422
659
769
936
557
24
165
676
497
618
394
70
738
669
693
379
141
545
336
655
87
928
1000
737
710
243
315
899
72
558
86
87
342
661
864
1000
18
957
747
670
782
67
114
124
935
626
96
189
615
548
163
714
59
201
953
82
998
358
944
31
929
864
963
779
493
158
511
817
379
398
146
232
91
459
219
529
823
167
602
474
381
510
312
577
861
71
634
464
690
563
536
416
552
862
752
999
917
463
230
67
928
721
571
846
550
687
667
509
686
726
65
381
356
41
371
34
743
174
153
570
258
342
684
928
384
638
339
795
20
3
831
305
716
869
887
12
684
710
9
260
74
220
937
232
983
787
727
100
641
571
478
555
366
752
573
546
583
441
175
669
820
60
643
25
544
670
617
539
531
485
507
130
884
503
208
478
496
776
117
399
850
920
662
518
779
526
50
47
317
43
141
150
158
953
