100
400
662
566
509
338
146
389
17
683
821
498
975
606
839
547
134
698
925
670
835
9
361
770
732
716
970
208
946
979
122
882
418
486
56
760
520
884
435
490
977
358
647
603
6
735
770
1000
744
332
90
162
927
967
494
614
806
545
403
838
584
101
942
573
406
227
204
631
706
915
428
20
270
972
582
48
420
776
303
502
741
395
631
794
7
352
687
463
586
100
334
870
209
498
968
471
451
488
547
198
755
351
655
896
232
245
856
867
746
120
412
247
789
82
883
999
85
117
927
686
20
706
940
374
273
892
91
651
39
490
385
817
923
330
165
784
129
698
120
692
160
774
155
758
317
412
768
72
543
224
640
935
291
164
978
218
919
693
595
267
469
967
821
303
935
521
663
31
896
942
46
728
294
281
656
493
895
804
44
289
729
429
894
16
306
833
82
781
959
281
526
519
330
176
790
319
877
869
478
560
450
971
398
662
48
953
95
526
781
925
497
491
68
891
532
578
484
107
288
153
858
630
567
559
180
825
953
516
818
133
118
808
129
417
969
483
144
45
353
513
7
556
20
969
339
798
363
914
485
979
297
150
13
20
316
690
706
778
741
907
981
347
506
488
176
838
544
386
96
113
361
92
250
385
816
47
255
471
56
302
186
765
786
315
12
534
841
784
424
842
887
838
369
937
754
289
615
661
772
514
306
611
844
527
753
526
277
920
343
201
377
660
949
519
914
273
908
274
723
792
412
152
338
196
51
6
879
714
902
414
53
793
793
120
486
671
899
793
467
618
977
400
944
241
94
151
252
8
682
772
543
983
254
615
808
598
978
508
518
344
959
276
512
968
618
469
915
617
291
37
861
231
639
230
619
148
659
267
303
61
965
927
774
968
242
470
203
37
539
300
626
628
346
833
583
174
741
783
809
319
247
417
