100
400
525
690
988
898
985
941
592
945
674
185
41
5
775
832
217
851
940
15
975
402
864
691
524
698
455
468
274
849
55
411
82
268
295
610
207
286
967
380
110
560
209
629
233
920
930
159
542
680
461
959
904
33
715
407
341
979
595
770
923
787
868
947
141
703
349
68
401
687
743
810
277
613
792
728
949
232
706
257
829
453
600
686
944
380
819
882
585
305
77
787
328
89
537
136
911
983
359
13
774
144
391
302
232
114
906
604
504
552
972
460
264
912
114
657
142
40
556
781
617
964
296
785
648
182
846
667
38
379
352
947
198
386
10
964
610
262
293
390
157
433
575
504
916
621
800
416
948
482
294
187
877
716
703
966
690
325
351
102
360
616
461
689
330
648
344
69
77
70
158
406
775
354
662
192
171
442
835
361
505
873
370
744
869
9
767
481
252
913
754
438
961
905
762
407
5
793
457
235
944
22
793
325
656
397
995
56
65
811
936
575
726
690
791
390
788
474
810
653
472
810
803
569
616
229
644
594
718
944
214
314
431
412
710
110
739
113
973
760
681
744
188
374
474
95
517
681
133
243
451
180
869
958
893
291
260
139
539
663
926
481
371
985
116
704
503
361
235
69
776
416
512
889
365
598
435
323
881
738
238
738
703
979
368
880
647
859
396
762
613
613
385
175
643
4
943
94
490
44
681
278
514
346
663
962
924
229
594
686
664
570
129
245
960
458
997
186
738
359
829
481
657
560
52
819
240
719
954
21
161
399
1000
998
623
378
459
134
371
407
796
177
218
909
345
974
123
276
976
212
547
309
662
648
208
504
678
834
449
971
688
301
648
253
557
844
341
758
892
160
433
773
430
977
557
906
904
291
950
268
55
764
739
690
49
152
425
105
217
968
373
144
992
108
395
982
270
768
180
659
974
371
