100
400
202
973
447
4
845
930
963
441
280
596
945
58
339
448
643
578
925
244
294
149
360
68
969
926
242
166
923
204
428
952
971
799
721
925
522
772
201
212
331
234
575
120
654
363
567
884
401
240
596
39
845
75
281
245
582
739
370
13
429
207
260
394
661
362
967
857
484
932
564
817
952
70
121
235
175
149
557
726
683
396
359
345
543
398
331
463
210
643
874
423
166
248
486
322
493
338
37
236
391
245
816
871
395
910
621
979
729
17
757
519
552
405
522
63
71
750
389
187
499
983
939
979
916
442
761
447
222
480
649
838
276
374
480
546
474
536
429
16
976
261
591
32
476
57
93
518
278
554
675
449
405
489
962
126
644
439
79
419
485
300
353
485
184
706
323
992
373
897
710
400
113
496
622
275
127
759
2
79
170
365
93
965
463
521
578
349
881
319
556
358
33
913
729
74
51
29
206
683
592
734
935
803
380
526
449
95
339
893
269
244
504
625
140
196
24
49
891
552
924
516
671
132
504
633
813
702
106
943
224
120
437
126
251
8
603
901
39
606
19
770
559
437
466
909
653
885
240
270
282
391
173
463
936
224
286
374
996
494
775
259
435
529
130
35
63
161
845
974
477
677
384
955
831
93
319
712
31
62
600
398
888
632
721
139
291
934
38
535
297
346
858
27
440
379
973
175
807
772
485
663
522
829
753
628
354
754
822
352
847
560
219
182
760
46
941
477
722
244
286
506
192
288
199
301
651
45
154
468
908
197
496
987
151
854
858
929
750
185
181
419
122
660
422
386
260
191
159
182
106
662
719
173
234
501
113
586
721
587
205
504
414
187
895
331
204
536
405
923
247
572
514
377
777
314
917
193
766
594
616
656
896
504
510
553
193
680
778
914
636
417
473
228
684
321
36
914
861
570
979
607
