100
400
462
187
956
588
278
890
896
679
676
804
604
486
742
57
290
814
123
54
630
203
718
234
534
553
606
329
38
50
259
535
166
220
513
834
914
187
147
91
671
721
218
511
350
920
944
191
548
1000
60
531
781
865
388
169
402
758
168
14
343
891
649
428
277
179
579
381
696
328
18
641
642
793
534
126
366
28
401
237
94
246
573
478
315
507
691
844
195
708
794
598
249
551
836
643
187
453
341
715
972
135
615
160
904
279
627
85
658
132
342
837
632
551
918
375
578
557
685
764
522
435
958
503
823
396
34
319
503
564
300
586
135
378
235
897
877
686
194
412
446
718
351
327
402
514
298
958
626
485
756
163
488
80
339
584
863
793
997
199
953
375
524
483
278
749
241
106
977
136
586
527
268
993
26
1
719
269
186
22
880
334
360
159
300
540
428
721
926
191
689
442
310
569
33
107
115
893
852
302
734
807
601
512
60
175
716
347
45
954
374
132
712
74
307
538
804
543
290
315
969
4
346
586
28
168
152
199
215
791
341
945
4
674
646
25
248
490
855
779
315
24
964
954
668
782
715
792
176
435
728
217
706
189
707
130
541
581
593
6
322
409
836
32
218
743
316
601
361
99
378
480
897
843
252
169
824
544
378
481
17
728
496
882
276
273
563
491
150
717
199
289
478
433
189
305
286
472
559
873
384
909
197
890
449
30
748
373
750
110
704
127
235
664
364
26
64
729
662
742
882
383
334
983
931
364
34
447
900
750
725
350
963
744
820
899
499
724
675
614
563
288
795
426
508
643
266
941
956
943
731
729
840
923
249
182
429
939
654
958
397
272
233
450
161
901
541
610
388
718
658
511
649
965
731
633
674
680
697
608
827
716
46
156
16
246
170
18
985
293
622
926
11
182
643
141
916
635
260
480
955
657
