100
400
804
175
783
172
521
269
318
323
109
762
960
922
614
826
441
353
995
174
955
77
823
95
707
221
495
110
874
321
702
956
864
320
871
689
357
647
127
390
578
375
392
716
205
912
122
621
333
285
841
228
516
718
939
26
847
441
97
325
177
908
416
171
781
908
568
123
66
627
591
8
299
696
510
817
664
981
250
351
15
787
417
439
510
951
266
369
636
319
795
424
213
940
522
939
612
708
943
959
633
123
444
716
290
327
22
455
788
844
889
645
631
375
650
237
711
121
212
133
294
155
230
888
596
959
400
676
12
741
430
841
742
806
27
112
796
989
707
383
915
330
594
245
279
218
774
857
302
252
298
732
89
908
863
980
702
340
87
598
640
458
951
786
460
484
751
407
666
332
172
877
691
130
214
342
135
659
960
991
127
384
480
559
611
929
374
150
85
179
657
100
603
435
714
300
232
926
609
949
717
318
417
696
34
198
805
966
982
89
635
242
971
227
666
340
791
840
713
896
889
920
996
986
113
722
194
344
94
267
652
783
117
807
26
801
414
984
807
569
822
65
292
361
209
693
170
14
589
888
118
111
89
441
451
87
321
466
500
334
648
311
765
728
304
591
72
754
38
270
981
952
986
987
248
240
606
844
561
410
982
850
174
232
126
596
220
684
902
49
829
318
203
175
2
725
961
116
903
63
139
127
415
308
80
539
859
228
476
545
609
51
448
441
387
283
743
621
896
354
910
346
287
913
714
479
184
828
730
59
905
443
360
210
834
402
742
442
699
691
311
320
736
389
207
609
467
779
156
391
849
385
540
598
390
118
386
604
205
823
960
806
172
426
271
974
889
648
638
723
49
835
392
130
17
197
401
726
744
971
344
936
615
663
451
448
732
565
557
639
901
393
680
499
578
826
99
843
632
343
473
804
