100
400
950
11
868
453
145
446
525
990
970
81
934
214
670
350
594
111
654
68
134
127
769
344
655
200
131
49
540
906
155
800
700
507
827
30
588
754
185
994
681
294
229
513
53
719
656
161
825
532
666
96
983
472
620
758
458
763
272
21
266
543
894
230
927
709
458
431
467
587
989
647
729
784
138
63
17
960
878
521
671
625
665
868
53
64
490
550
211
639
690
133
251
740
380
157
235
604
518
294
748
604
65
572
255
929
897
405
860
938
128
977
955
169
261
780
27
26
805
640
452
206
286
775
722
981
852
160
251
302
251
150
253
672
534
307
932
334
127
208
725
703
745
237
915
91
789
836
399
185
291
211
877
382
428
68
157
205
11
184
842
32
300
533
953
685
900
591
966
531
447
353
170
601
910
345
158
639
840
854
501
33
961
527
577
439
551
38
131
960
810
552
670
464
891
290
555
610
465
990
797
868
675
448
761
246
470
186
900
534
312
606
912
654
752
168
408
795
79
737
838
54
110
878
490
640
638
949
289
471
807
206
532
722
81
689
465
668
460
996
636
590
146
27
191
463
621
288
793
256
736
942
29
667
395
568
680
124
989
36
2
294
249
589
282
288
748
343
810
539
118
286
614
65
142
558
92
447
661
358
118
861
628
583
589
931
404
729
854
617
226
765
761
998
283
880
331
394
63
701
292
741
866
796
859
251
808
143
117
762
705
619
268
402
201
907
821
612
660
395
212
239
135
949
699
232
681
646
14
246
252
814
755
141
320
101
53
666
450
39
193
584
850
519
62
85
307
312
855
120
61
875
541
346
621
500
447
975
120
585
290
988
641
71
988
442
417
217
204
904
833
823
31
944
27
746
134
45
572
898
29
906
536
950
863
606
179
549
875
37
530
278
41
863
171
776
597
359
830
822
991
788
