100
400
306
153
753
322
542
538
604
442
916
939
143
63
309
202
122
230
125
879
363
32
882
861
471
311
572
628
602
192
743
979
471
418
71
981
546
700
992
327
640
855
657
252
217
710
301
879
875
397
224
583
195
605
234
99
379
300
203
483
820
645
725
472
93
188
862
682
431
913
672
285
242
194
858
62
980
21
139
6
750
933
114
144
585
329
884
813
103
973
826
127
293
989
676
315
708
412
87
837
477
546
133
423
154
721
683
866
573
157
570
888
540
855
676
798
920
745
895
981
388
182
235
258
419
325
920
220
965
201
481
169
833
744
259
699
87
778
694
544
656
777
35
843
646
141
773
836
828
444
128
90
63
318
283
604
989
761
360
477
709
111
998
737
793
985
182
356
928
386
828
313
490
143
452
875
717
132
939
902
481
541
282
558
84
401
851
761
644
69
518
349
593
907
106
723
317
166
613
241
28
964
103
939
997
956
539
607
98
349
849
273
533
322
196
648
2
514
448
914
477
679
413
411
792
435
166
248
78
412
927
331
333
492
332
721
261
695
623
677
163
709
395
638
85
819
483
483
674
163
406
415
869
629
128
539
761
791
922
320
659
743
336
759
41
602
172
303
468
326
849
570
89
848
746
808
403
798
931
472
763
209
549
236
596
340
948
21
361
74
657
682
784
396
37
392
899
532
75
560
792
172
933
637
514
552
195
88
858
197
120
810
100
866
593
434
414
644
804
184
722
913
54
756
844
68
312
204
276
911
779
685
5
74
311
165
220
226
255
551
228
30
682
13
744
975
299
941
150
531
639
882
10
343
737
614
665
147
879
457
97
184
638
605
344
117
396
183
466
180
779
711
71
594
289
913
637
203
729
425
459
482
913
360
61
372
700
435
960
139
956
798
951
755
370
794
884
601
740
10
711
263
