100
400
907
306
614
71
269
811
181
21
10
321
854
924
576
404
789
113
375
315
745
732
469
604
278
274
757
606
502
280
607
784
552
774
740
672
953
330
995
790
914
680
948
248
699
623
784
344
961
376
612
343
295
291
490
227
768
981
106
18
663
473
539
260
762
936
357
174
944
287
25
761
842
863
723
268
374
261
153
521
465
367
249
293
852
691
305
585
973
194
262
327
660
53
541
144
893
819
592
642
767
651
135
557
981
909
261
697
509
420
367
507
271
921
348
559
713
67
253
218
886
642
623
702
628
528
69
241
753
589
931
589
993
795
211
727
917
844
945
619
709
820
54
956
206
896
684
997
496
696
574
862
840
157
138
741
168
19
328
495
828
492
931
839
265
815
775
285
569
928
820
562
225
725
704
961
652
9
278
396
591
715
687
4
282
323
181
998
791
100
859
36
275
980
886
519
488
193
375
574
168
661
715
271
343
732
499
446
535
632
610
46
526
51
661
377
962
90
289
250
982
688
999
696
145
997
746
203
308
783
561
942
108
605
400
686
687
171
736
386
797
191
226
566
860
136
227
295
44
156
892
394
821
549
961
405
631
784
109
735
772
381
480
127
199
994
333
490
119
508
620
283
565
852
114
309
153
424
634
253
489
475
384
137
710
565
124
78
496
648
946
661
31
714
150
356
10
65
910
503
59
485
375
792
716
384
61
799
692
949
214
663
233
135
36
652
409
159
291
348
655
889
991
481
129
828
135
339
545
535
601
866
361
123
308
59
186
448
678
203
35
954
384
12
934
289
452
619
976
900
10
235
661
63
889
692
508
903
864
434
567
941
244
777
516
191
954
609
88
788
709
27
905
742
999
561
232
969
329
477
40
660
401
344
358
554
447
804
545
781
151
806
711
945
882
935
303
696
671
231
790
774
