100
400
199
193
684
667
780
167
119
684
722
489
363
485
59
483
271
365
176
107
270
779
377
61
677
671
45
586
537
986
137
579
440
272
790
766
704
333
198
905
644
338
254
321
82
833
943
826
16
47
453
549
818
300
747
496
609
469
523
563
379
940
810
219
895
253
129
897
438
487
238
702
686
10
976
610
316
951
525
810
1
295
292
194
501
240
959
403
897
703
700
219
37
65
29
895
495
659
442
97
922
369
435
628
929
859
228
281
38
828
918
180
676
630
327
860
479
539
933
384
974
919
252
685
87
741
272
10
23
962
356
103
675
210
506
839
326
735
732
489
145
196
567
428
143
803
543
964
660
590
79
495
775
413
505
348
451
907
621
79
436
789
408
853
483
8
425
728
191
345
534
618
862
936
878
867
615
54
506
206
342
153
864
957
529
312
309
506
809
308
464
731
916
418
717
357
601
850
126
576
130
889
262
154
213
394
237
637
172
791
983
211
552
433
718
296
47
483
894
444
777
810
231
422
542
2
419
580
784
726
146
226
1000
249
722
369
827
732
755
917
31
783
600
969
319
787
144
996
140
404
264
97
71
341
16
595
24
259
548
546
259
786
96
717
622
144
551
477
38
440
158
491
643
225
341
27
636
750
515
620
996
415
90
800
237
967
838
145
666
246
621
945
747
634
717
530
833
612
192
974
790
611
901
904
730
466
817
502
91
817
22
959
398
174
366
825
26
921
107
617
627
859
279
747
677
691
242
858
78
886
762
41
272
903
359
344
303
89
151
262
904
894
786
721
424
564
762
897
138
670
857
595
40
661
588
30
108
780
993
221
988
369
754
919
1
944
715
786
299
678
597
712
686
678
418
726
75
277
994
168
9
290
645
997
547
937
180
150
139
401
216
594
163
682
328
647
531
795
369
131
791
562
