100
400
751
8
74
879
847
602
113
794
461
799
974
347
656
268
308
519
444
615
871
899
987
240
505
997
789
560
344
888
552
363
740
340
973
247
515
708
618
968
655
86
184
810
813
551
860
660
407
766
909
504
645
257
814
739
97
510
790
789
347
437
46
938
428
277
768
196
155
959
735
524
259
825
583
295
730
789
623
906
491
246
618
237
518
274
970
199
597
700
998
617
33
701
553
870
234
528
471
388
880
324
602
517
359
611
110
155
205
360
845
759
59
394
500
485
722
55
463
589
513
110
673
659
95
843
394
474
331
236
997
550
289
592
311
84
725
796
486
660
316
267
897
740
405
915
464
570
272
349
543
47
889
519
711
586
56
632
609
695
208
940
635
931
438
146
263
367
901
128
154
58
619
502
730
953
566
978
291
939
344
917
578
845
257
99
872
507
819
357
341
397
183
801
72
684
222
756
179
777
657
950
280
412
917
681
490
357
722
258
141
167
323
934
464
287
396
269
594
26
934
955
948
713
409
756
884
139
899
543
114
830
89
928
710
832
344
29
109
378
876
254
150
82
116
529
97
581
201
958
752
691
411
317
37
433
840
59
219
108
728
869
387
816
987
319
530
276
461
148
27
245
135
232
907
387
494
448
470
218
534
650
782
120
348
688
963
674
387
91
404
662
703
812
699
328
257
284
343
222
786
671
432
651
868
140
740
711
936
677
919
170
101
459
887
61
664
902
197
60
731
132
942
88
158
288
544
862
8
389
66
581
69
370
838
937
876
528
645
277
728
13
172
165
843
455
719
551
600
908
8
399
730
861
7
883
362
655
92
347
614
282
935
414
337
608
270
339
648
968
859
997
348
240
635
400
466
889
844
333
155
466
633
712
760
85
182
646
60
90
258
603
60
392
164
35
231
154
306
473
530
106
