100
400
944
679
795
768
503
257
35
47
193
897
258
464
461
5
381
646
883
25
672
293
943
579
319
364
273
164
801
590
347
375
317
816
714
409
417
584
537
830
671
436
760
281
818
155
669
580
316
135
902
483
917
306
990
158
722
606
502
49
268
597
324
170
53
948
82
663
501
534
925
110
712
618
725
645
57
834
556
924
699
48
484
672
609
372
51
814
609
986
348
911
93
927
153
49
716
162
568
80
770
701
161
317
76
882
244
462
995
460
956
110
894
78
76
428
436
535
741
215
128
535
594
82
914
604
119
393
315
388
856
336
946
52
245
11
914
130
569
247
889
540
390
336
22
583
915
472
913
381
413
635
183
972
892
865
554
500
150
988
937
347
710
63
373
50
833
962
923
495
484
101
346
251
608
91
827
790
586
442
778
905
495
718
377
161
978
11
243
500
106
107
265
917
322
428
201
134
742
623
250
363
628
323
356
973
58
801
764
998
914
842
573
221
816
4
695
41
755
689
70
340
585
921
640
140
496
990
329
326
458
645
545
366
635
769
392
675
265
445
820
230
406
916
306
584
722
255
275
875
695
698
59
767
806
443
323
773
72
544
682
999
931
529
506
107
514
596
159
86
208
955
156
895
185
824
645
410
780
826
383
119
259
592
754
835
735
735
359
620
192
764
291
788
191
817
521
36
817
427
226
624
516
990
323
785
632
609
89
13
769
91
239
145
636
585
222
507
653
324
878
125
935
362
579
961
947
95
218
980
914
386
355
346
813
644
749
407
299
400
332
269
253
452
590
140
316
317
520
551
59
114
153
123
991
842
251
612
218
687
555
745
169
197
34
264
150
732
40
519
288
862
470
94
111
110
535
935
289
369
432
495
947
999
583
520
156
25
615
482
364
327
604
787
692
849
64
579
794
117
950
325
