100
400
634
362
220
693
461
660
108
785
731
388
14
972
325
140
150
845
857
68
165
879
503
133
786
126
350
91
804
206
701
72
288
244
966
492
724
965
93
620
690
583
230
313
688
251
447
261
939
704
173
290
702
872
624
411
8
161
346
318
134
723
986
622
293
433
649
80
187
72
51
372
587
604
958
299
684
141
417
583
164
147
674
810
492
303
5
360
738
226
146
1000
131
848
538
678
197
224
864
944
183
715
352
444
19
776
423
44
989
93
191
307
751
94
98
341
810
996
305
585
772
746
119
137
663
548
909
974
249
227
540
925
332
311
578
105
769
433
70
166
583
381
941
976
481
75
711
73
570
868
434
25
855
251
637
581
580
404
606
133
683
751
289
623
467
647
271
146
590
747
436
427
75
418
750
270
412
465
14
833
209
231
694
453
309
152
615
676
352
258
278
919
256
537
702
769
876
4
545
214
304
264
995
298
884
518
264
879
166
59
224
832
828
666
234
122
983
15
709
931
691
627
604
464
203
591
12
651
185
313
117
744
76
442
598
414
512
128
66
839
242
497
681
480
966
78
282
879
331
446
492
472
597
151
92
898
341
931
19
983
544
307
325
974
652
158
775
704
747
611
102
947
232
300
326
299
979
920
992
509
230
343
979
632
802
472
942
834
478
447
562
359
351
239
510
188
402
328
333
176
687
352
957
171
216
786
8
104
954
260
992
209
48
674
918
627
794
695
76
239
337
529
805
466
381
938
55
307
994
629
531
228
256
857
279
134
247
124
412
609
643
315
517
113
579
107
367
860
992
861
992
22
510
299
644
104
384
486
984
863
41
23
225
436
805
979
308
169
371
203
605
548
602
697
259
971
289
934
575
747
997
21
334
344
367
409
883
769
545
519
349
365
433
614
540
344
161
46
388
421
782
365
