100
400
719
783
670
402
407
811
554
529
280
815
711
629
593
960
618
201
562
979
129
107
360
12
912
38
586
464
432
600
486
826
7
687
874
458
487
649
624
614
56
407
502
171
570
235
103
60
100
527
158
860
928
460
546
338
715
363
694
838
545
616
303
280
101
181
71
285
511
409
983
516
20
426
987
753
885
199
478
272
779
627
724
655
515
964
390
141
461
450
385
683
616
2
446
891
848
453
790
637
830
21
618
820
615
397
495
844
443
690
841
899
16
845
570
796
668
62
737
643
71
185
261
753
291
913
258
170
149
438
784
660
605
208
461
176
603
209
678
139
681
612
711
527
443
575
31
383
912
758
476
930
114
706
909
103
377
701
371
174
224
851
884
761
784
574
772
217
165
71
400
701
479
761
157
348
619
928
593
603
860
45
489
590
202
347
898
133
511
36
747
63
463
11
420
784
959
383
798
369
336
696
560
149
219
295
713
129
899
328
499
187
85
846
647
903
233
20
232
231
800
64
964
439
893
656
953
885
5
515
467
637
204
190
806
553
369
257
616
67
683
614
746
858
628
1
683
197
786
786
725
862
747
926
403
517
615
331
291
661
491
539
467
394
120
754
768
525
322
691
558
738
116
875
348
320
680
831
753
117
421
93
142
563
171
168
250
694
893
934
695
456
231
513
375
54
44
849
995
139
557
966
546
837
345
47
772
893
361
115
243
652
671
765
283
918
519
360
285
116
761
263
103
603
497
399
995
443
77
662
842
464
815
480
439
482
295
531
28
152
962
285
723
234
245
610
232
53
758
55
647
496
7
862
558
256
733
678
359
318
736
769
477
96
72
372
611
894
181
903
888
45
739
441
427
958
281
791
863
394
154
192
280
989
981
431
355
398
638
5
232
200
88
984
894
106
338
326
482
888
104
637
