100
400
256
863
83
346
994
614
309
397
983
338
125
524
462
711
426
534
427
121
867
409
425
113
1000
817
987
166
59
714
529
38
334
924
808
304
756
953
590
136
400
346
228
687
100
407
890
204
777
116
396
141
631
120
213
630
54
726
367
242
642
38
758
230
95
951
653
740
467
249
341
805
311
943
53
491
593
714
431
66
997
165
33
104
685
675
24
776
895
719
611
238
904
715
728
970
349
899
87
756
698
26
611
988
700
469
105
28
722
572
269
358
528
157
515
527
640
508
93
42
927
271
170
244
854
675
347
900
428
196
510
813
954
590
72
587
253
723
380
444
750
197
28
256
441
982
737
24
376
108
938
350
748
663
983
757
526
233
177
571
798
926
983
560
507
192
613
235
523
24
126
919
18
930
366
226
865
781
210
530
50
996
598
25
262
685
99
607
163
176
835
895
388
439
722
729
790
407
247
846
145
750
198
377
599
534
99
118
370
886
899
983
915
384
413
420
289
265
699
566
160
631
689
629
224
512
79
946
6
492
261
583
409
152
155
28
626
934
77
813
500
980
25
651
202
987
128
155
315
933
574
140
738
257
476
943
406
948
689
258
931
584
113
231
595
592
513
426
443
163
650
259
840
81
306
229
376
680
532
727
472
203
36
173
297
838
795
937
567
344
36
267
119
971
169
644
291
824
823
462
269
190
412
495
435
675
71
366
47
762
294
643
685
637
575
732
146
107
377
18
658
45
535
794
895
187
465
142
25
197
101
617
31
683
245
967
723
135
712
593
392
994
884
830
263
669
509
585
3
876
229
52
627
241
150
183
578
332
945
193
747
243
886
523
52
89
990
535
942
347
224
415
645
100
912
968
125
633
384
381
96
286
705
505
2
457
290
420
737
669
393
197
978
252
936
917
727
987
303
417
517
418
