100
400
359
563
654
836
345
985
950
69
951
174
51
690
287
486
780
60
78
229
653
94
263
289
9
217
805
663
775
770
982
107
803
217
128
691
235
129
370
919
395
623
3
854
35
173
403
923
692
843
254
542
421
897
115
529
778
501
38
209
214
636
407
743
243
437
491
400
800
418
69
68
778
600
991
610
819
679
390
97
818
91
761
36
654
872
575
260
889
321
885
792
251
892
819
929
923
223
168
25
403
791
165
339
88
196
979
597
747
1000
6
761
814
575
160
652
423
466
3
651
477
96
703
895
325
873
862
221
342
495
607
792
666
804
305
201
719
984
697
445
68
251
188
367
596
885
787
439
938
855
771
752
513
98
243
525
475
681
704
898
827
994
816
333
723
724
109
110
290
919
788
307
286
797
771
801
147
635
93
172
4
85
613
328
308
272
222
51
168
524
684
267
7
296
983
544
79
842
167
157
979
502
267
258
854
708
671
213
886
130
919
382
404
836
338
153
761
579
647
823
465
510
549
344
268
217
570
858
872
451
300
924
555
389
442
277
606
245
685
858
180
132
189
306
125
98
328
63
19
782
949
500
87
475
116
874
285
419
1
412
162
292
502
274
166
6
790
726
989
220
1000
387
320
163
375
699
575
698
862
724
894
87
819
18
489
454
19
966
705
158
659
632
62
522
246
253
625
923
596
36
114
163
67
615
666
6
910
655
49
387
389
468
428
471
577
336
986
333
745
350
822
685
975
266
961
510
704
257
801
200
733
928
944
655
269
637
368
34
164
332
575
129
1000
680
179
396
972
407
627
454
194
892
509
365
297
100
162
602
387
739
91
975
524
882
394
380
368
157
593
593
686
711
19
542
446
552
207
440
984
197
951
298
613
33
169
728
35
393
957
738
799
631
156
149
782
753
84
329
747
23
258
787
