100
400
913
984
77
682
876
433
497
317
343
269
333
131
578
609
262
514
365
367
566
867
758
161
438
821
861
944
867
886
502
470
898
302
267
994
37
504
536
159
283
901
161
413
889
656
889
487
959
927
399
292
901
198
108
803
373
531
787
61
537
24
35
119
609
788
948
538
820
872
1000
686
790
805
328
577
674
735
275
457
527
463
191
353
51
215
697
412
872
285
618
952
913
101
462
244
119
374
485
525
52
751
420
714
123
665
986
57
426
811
343
279
185
391
625
298
696
474
148
483
36
888
110
302
953
198
274
899
2
408
501
534
56
817
15
603
668
18
461
278
614
626
715
587
445
302
861
519
881
639
567
288
146
857
329
75
356
121
421
953
563
690
937
702
506
134
921
380
236
678
825
890
273
976
615
513
85
840
540
259
871
180
293
805
460
982
428
593
300
630
47
371
95
220
202
580
966
352
577
382
454
981
925
901
270
435
725
681
697
25
477
945
753
456
537
449
241
352
93
186
425
529
293
259
689
124
411
700
539
243
404
714
400
879
155
874
150
719
559
732
370
92
281
282
867
864
431
678
997
720
841
58
936
208
815
74
473
910
436
743
570
537
186
433
431
951
855
943
590
274
339
299
628
129
985
970
621
213
108
289
484
609
611
232
724
350
769
667
162
608
757
98
41
528
529
624
35
781
598
98
295
745
441
389
993
202
911
22
526
710
408
575
674
549
36
863
673
430
927
992
163
714
11
208
669
753
645
263
736
888
280
385
105
227
233
560
647
77
106
360
360
772
377
561
806
796
567
858
669
825
864
507
614
801
760
326
743
345
658
877
361
34
506
709
180
576
89
227
732
754
875
776
383
345
979
716
188
306
233
578
907
50
524
493
70
506
993
496
758
91
332
348
376
153
317
339
571
496
727
570
479
217
