100
400
310
272
200
85
324
71
649
895
942
948
209
126
33
289
598
905
190
244
69
393
797
940
989
960
587
799
896
624
148
364
884
679
1000
231
304
22
799
499
661
422
866
498
117
656
861
557
787
498
457
436
38
848
67
525
799
239
854
625
657
176
439
192
33
777
493
879
213
866
255
321
823
721
172
925
58
846
29
324
148
355
710
969
100
982
787
685
544
263
908
422
2
371
877
544
696
929
471
99
588
232
187
719
985
748
388
100
83
278
580
954
190
57
361
137
67
458
627
795
86
395
175
150
528
756
766
642
901
700
752
903
924
360
73
338
575
378
403
832
439
768
744
150
395
469
792
705
560
999
567
511
174
137
321
482
23
186
295
122
607
486
779
233
524
942
33
676
121
230
146
346
295
333
51
619
323
159
143
437
628
17
101
511
928
820
941
703
892
489
187
926
485
692
73
901
188
42
101
145
794
163
685
964
694
516
361
283
668
135
918
226
945
641
935
930
1000
459
823
940
451
189
138
957
745
601
907
1
270
65
291
370
86
330
416
839
129
281
652
267
274
6
522
149
571
196
737
341
463
430
470
783
62
326
100
740
957
209
972
369
854
340
893
926
404
981
388
995
42
968
629
245
187
303
114
288
515
102
240
408
774
136
941
169
354
897
613
780
685
647
991
236
22
144
451
143
857
667
84
36
124
543
64
64
152
621
293
800
40
787
821
831
788
571
336
870
661
306
961
720
696
261
682
651
696
434
626
519
898
887
322
124
157
149
904
207
107
700
51
475
117
75
697
349
114
823
935
184
780
588
250
449
712
624
142
156
334
721
241
101
837
696
882
934
565
926
953
421
622
361
754
772
721
75
618
165
863
100
223
564
876
187
660
24
780
385
780
442
34
929
127
640
34
187
384
201
692
565
465
241
889
827
