100
400
372
39
670
787
552
108
518
174
732
232
899
81
759
436
139
609
154
844
486
787
569
996
811
377
849
448
86
194
235
576
663
128
420
422
691
569
554
498
164
286
993
206
451
306
120
185
345
48
181
515
276
219
135
657
63
145
16
162
198
282
734
573
947
81
597
60
957
738
497
796
884
364
413
300
983
254
652
175
578
672
279
103
403
336
426
629
697
854
622
320
883
842
867
302
63
313
269
520
312
383
898
810
4
928
902
968
447
25
551
773
829
648
629
636
184
445
912
407
486
868
153
942
559
280
216
244
357
442
495
684
419
586
865
132
609
486
251
970
553
502
533
436
487
451
392
314
437
952
515
22
779
512
837
420
205
720
678
521
11
484
17
663
783
389
115
635
589
673
172
569
184
122
867
262
331
215
4
92
67
691
14
489
430
590
341
40
509
161
769
175
281
674
373
920
299
583
275
502
137
265
838
302
475
964
275
201
390
169
303
935
835
570
615
704
840
993
568
536
626
321
746
410
76
407
307
4
435
391
66
857
947
307
226
149
335
581
680
993
674
246
30
787
151
277
55
182
364
133
412
232
503
854
813
570
852
308
572
985
500
322
270
618
542
950
148
8
986
229
358
736
370
512
409
921
56
793
667
547
713
326
439
218
511
998
366
895
833
869
542
339
422
799
496
742
778
775
383
810
999
144
657
505
487
241
17
145
204
69
259
89
929
582
4
727
397
831
481
205
422
48
829
697
873
699
171
254
289
300
916
991
999
995
700
480
186
83
297
443
180
222
200
239
672
555
864
769
547
159
770
23
390
88
483
21
214
747
505
1
766
156
54
60
275
730
121
778
70
764
193
42
388
286
355
771
3
877
418
806
438
985
357
17
787
365
868
538
529
996
656
680
348
629
679
389
71
230
32
212
673
699
