100
400
424
773
505
794
995
177
834
735
1000
567
540
551
59
501
575
865
599
18
966
814
81
509
953
664
836
47
548
209
63
358
974
197
219
835
639
937
973
546
907
697
728
219
854
566
933
7
755
996
530
9
984
257
586
883
596
405
41
143
144
457
979
712
473
407
5
59
97
61
625
811
976
690
878
252
470
531
198
698
706
205
276
492
612
126
443
612
904
844
587
817
348
641
504
41
31
499
442
70
90
556
644
584
475
336
985
566
508
167
822
525
926
464
868
447
708
748
853
222
237
359
146
150
583
422
32
505
27
211
701
28
491
826
467
46
125
759
616
933
717
776
72
825
597
101
474
339
502
156
104
631
930
224
324
498
186
229
659
713
202
710
546
838
280
742
957
399
403
810
288
940
570
156
650
649
97
335
765
208
729
151
141
701
622
138
875
280
286
575
942
862
21
589
594
588
336
776
121
676
900
621
885
408
724
802
624
314
342
899
763
372
509
58
408
456
197
356
266
247
477
614
591
835
970
870
54
391
807
297
296
409
561
33
425
371
80
643
354
598
886
761
450
316
836
725
420
462
170
696
91
935
519
225
606
873
980
391
916
211
914
747
280
59
686
472
802
78
481
543
91
539
351
581
250
1000
629
702
2
887
280
499
324
18
662
856
651
206
93
351
381
813
431
437
565
389
972
399
379
319
208
710
572
888
649
383
741
596
900
42
730
592
956
919
840
139
45
715
964
267
512
562
324
315
592
916
450
766
51
717
645
306
454
955
858
438
241
767
465
898
643
264
576
913
981
310
109
860
490
904
489
554
861
765
816
947
506
799
264
136
543
505
745
19
376
462
355
363
775
62
926
515
581
235
220
716
510
520
282
828
28
903
58
856
658
443
769
585
117
17
501
834
4
404
932
280
866
627
215
671
988
503
