100
400
120
477
886
439
853
132
765
636
867
650
40
130
926
819
893
384
84
387
105
889
554
359
472
126
414
772
66
989
535
726
220
223
880
423
256
11
641
562
300
177
576
312
389
123
895
673
170
801
413
289
730
170
89
472
453
696
411
193
769
140
854
450
231
395
915
496
485
730
52
769
702
87
646
110
146
248
11
77
443
822
231
744
33
674
282
647
571
714
35
272
392
555
552
748
353
874
30
673
389
708
371
487
237
994
264
142
542
486
902
140
787
552
568
993
569
289
690
976
904
889
391
397
849
634
290
256
515
437
768
363
977
168
651
208
19
418
790
771
898
484
452
973
508
867
202
258
269
55
434
788
826
150
24
532
443
835
370
611
681
699
975
796
256
626
510
616
115
576
282
577
286
799
43
933
906
291
147
198
610
789
253
731
553
134
595
239
850
105
835
401
680
951
372
124
274
675
853
586
231
464
318
525
577
47
187
786
587
786
903
67
860
821
51
943
392
951
158
693
366
923
31
993
614
216
963
459
149
420
49
944
160
931
503
920
641
295
471
852
316
887
904
592
961
151
67
35
134
408
638
708
729
870
35
651
795
229
193
838
140
697
831
895
376
135
494
833
201
562
847
767
639
812
768
738
791
440
212
200
747
913
784
698
72
457
68
708
317
242
989
621
125
426
158
250
332
461
721
694
74
813
395
263
475
850
937
932
151
35
672
167
582
150
120
630
954
71
600
908
41
487
28
643
222
323
751
978
1000
659
463
705
364
836
233
343
3
542
577
162
571
128
827
421
662
589
44
109
514
433
757
414
768
760
653
715
242
948
324
800
626
838
315
666
326
532
461
59
964
797
884
910
358
478
203
106
841
449
919
559
709
51
644
859
814
970
417
768
245
83
189
299
880
625
487
619
592
239
152
553
443
72
