100
400
557
240
473
744
997
288
627
164
777
830
612
400
391
337
229
894
656
337
965
642
200
70
508
325
486
960
737
414
83
519
229
584
983
875
499
563
971
362
850
435
816
870
612
650
463
562
920
237
28
740
422
486
48
514
612
265
710
129
661
636
420
778
931
682
652
15
28
232
514
980
862
366
255
987
543
887
208
226
897
349
788
932
573
241
505
336
380
743
107
47
193
163
768
572
604
41
777
573
733
816
529
922
893
109
957
542
457
832
731
591
538
130
517
669
713
407
416
901
180
912
698
5
409
154
465
880
600
411
811
23
740
75
903
53
245
274
825
54
456
115
127
1000
457
565
963
455
931
984
940
356
256
723
695
954
475
987
99
965
371
722
291
815
497
151
535
251
990
301
365
564
384
134
214
632
732
274
990
892
767
92
480
665
497
257
831
809
215
974
81
371
104
599
689
108
949
113
778
691
229
650
958
454
15
510
337
474
995
154
769
548
508
115
652
308
507
459
922
283
778
617
456
334
880
251
530
930
102
798
375
928
830
886
889
161
409
895
144
280
113
9
426
380
835
43
581
872
699
744
117
604
784
261
46
432
188
189
694
857
403
775
941
125
941
44
151
744
589
196
577
947
388
244
45
280
770
581
69
164
878
413
390
204
554
606
730
272
443
400
143
529
183
282
287
123
76
339
616
41
937
796
577
957
682
259
973
700
877
282
227
527
243
337
635
517
442
795
613
921
759
140
921
562
566
22
151
249
398
242
738
117
586
59
264
593
643
68
840
939
648
157
410
228
765
63
950
544
729
705
699
865
33
209
86
856
479
422
191
144
195
538
329
64
28
204
573
899
64
208
311
711
718
462
13
24
382
295
878
28
520
1
239
844
56
988
637
928
909
285
539
577
412
339
17
120
973
219
526
951
363
810
