100
400
600
440
373
197
241
892
631
235
42
522
392
600
62
25
17
984
627
32
61
485
623
622
416
271
408
997
915
267
114
363
225
320
788
469
931
152
109
213
441
667
708
383
463
910
741
525
648
498
722
954
182
578
996
193
365
745
538
588
983
902
329
6
26
958
833
286
765
231
958
643
431
316
338
178
225
715
557
705
708
274
6
356
879
914
211
276
488
689
809
842
889
964
475
707
491
821
399
223
159
756
340
919
569
132
728
718
622
253
7
176
1
360
630
638
64
375
635
233
282
229
701
806
142
567
115
841
45
564
353
626
401
674
892
647
885
495
187
905
847
831
611
336
845
871
784
420
806
337
380
226
620
559
203
515
956
290
316
924
913
752
699
775
38
815
214
973
687
708
857
968
126
209
40
438
277
936
45
893
360
612
399
131
812
868
987
992
72
692
900
622
674
1
142
58
740
255
349
442
392
833
193
353
793
478
484
135
564
582
487
473
587
875
472
126
649
212
863
728
128
349
456
857
375
357
430
859
309
760
269
56
411
781
302
848
92
650
224
531
498
747
268
379
832
953
158
473
24
660
239
270
211
114
846
856
792
723
162
630
409
277
725
515
825
463
737
63
88
225
854
747
647
315
578
490
952
999
642
271
777
314
136
714
206
504
506
53
634
684
80
202
187
203
856
760
263
842
860
876
59
738
47
715
168
336
261
991
898
976
743
383
365
659
843
890
374
580
773
707
194
644
847
701
794
337
706
874
934
171
32
778
500
93
968
570
134
384
629
270
543
357
785
108
70
94
826
226
856
607
327
309
501
588
223
936
531
286
185
467
803
440
516
981
998
425
215
926
80
563
386
326
377
116
239
973
183
456
540
596
342
7
625
945
756
307
324
286
937
148
597
630
474
404
779
79
2
405
652
899
817
185
