100
400
598
358
484
244
606
778
543
51
259
563
426
920
300
676
25
809
427
523
931
877
567
560
283
957
828
164
719
444
414
641
280
150
605
608
668
29
189
62
1000
73
682
179
810
28
859
369
357
871
851
755
791
310
840
978
289
70
211
183
163
553
387
228
177
469
702
675
29
290
7
628
477
620
44
691
301
209
509
256
274
650
181
274
133
973
16
471
226
528
21
499
799
140
360
655
372
709
980
182
578
70
209
502
920
921
165
464
417
337
807
809
435
348
225
611
409
934
724
326
153
786
207
458
945
147
835
758
586
184
339
62
348
65
669
709
971
917
613
125
343
328
12
34
576
829
64
667
393
53
992
284
987
59
938
238
257
960
578
919
943
23
689
23
260
464
930
946
22
51
808
947
303
556
142
82
944
166
236
681
526
559
954
769
412
584
142
852
269
990
668
623
349
991
54
493
533
256
889
434
802
66
647
898
296
553
571
962
380
916
480
896
165
787
849
767
298
632
735
907
367
145
388
664
753
751
421
219
388
829
884
68
782
901
502
351
344
739
171
376
739
928
639
553
903
525
76
530
898
684
548
638
664
293
782
255
722
373
778
302
313
88
412
780
358
269
592
994
621
327
145
961
224
733
363
332
823
60
510
873
371
473
198
936
138
949
382
402
438
326
838
967
690
899
179
24
812
238
708
354
764
977
927
493
598
428
538
339
579
44
221
411
980
976
860
842
115
171
961
933
973
431
126
947
493
156
241
969
935
552
988
582
613
230
73
696
473
936
244
156
960
129
587
419
931
756
93
884
454
223
650
961
298
506
333
518
205
433
693
75
359
297
529
247
890
691
874
439
463
163
757
450
287
913
447
691
652
281
514
748
407
555
54
607
641
893
900
578
954
126
960
998
68
383
417
327
37
48
997
427
45
562
