100
400
694
6
221
926
927
129
746
420
631
87
869
689
532
877
93
861
731
570
272
724
977
881
720
100
66
13
730
323
639
506
638
959
121
139
809
683
123
587
719
451
526
223
559
187
568
227
373
778
992
883
18
495
909
149
714
365
573
695
235
24
859
209
929
916
858
483
739
559
644
244
77
259
141
510
727
662
401
366
316
373
71
615
314
452
864
677
133
536
112
138
879
105
439
745
43
546
865
70
91
749
678
821
967
152
769
980
700
710
710
829
408
209
769
972
314
45
393
656
897
349
764
838
819
957
930
658
298
589
134
899
314
627
848
483
214
865
655
229
266
312
750
977
873
416
37
373
665
358
446
263
749
121
516
100
794
357
94
732
227
866
405
396
437
406
947
378
641
918
466
198
903
403
624
919
93
805
254
320
521
940
555
190
74
345
741
74
545
883
423
701
418
729
563
732
852
774
525
353
612
311
340
842
400
389
544
455
415
978
114
512
222
423
893
136
989
227
152
705
443
796
201
419
351
615
967
365
191
283
435
807
10
867
914
121
441
509
353
480
954
910
682
884
237
834
666
26
42
817
598
781
938
915
224
645
125
375
661
512
690
463
229
491
888
716
873
902
540
438
701
460
496
747
669
893
528
484
33
858
449
91
969
422
199
75
172
46
946
554
849
998
531
769
646
490
913
28
345
99
226
729
120
266
840
364
75
355
521
463
37
306
523
435
882
207
415
373
274
816
480
135
179
301
608
885
478
627
760
859
658
169
618
717
558
603
930
527
636
463
591
647
600
559
477
163
560
335
687
935
459
388
274
288
766
180
579
485
216
495
970
164
277
502
633
869
299
369
340
70
444
412
480
530
72
380
983
218
257
933
86
478
913
216
627
131
43
552
461
651
637
426
705
985
43
409
805
380
462
306
433
567
