100
400
414
979
533
943
364
444
656
936
177
439
423
90
290
917
567
366
726
598
805
987
522
258
962
167
55
517
910
810
145
827
952
978
437
441
563
908
388
860
761
772
667
964
275
997
623
700
739
798
969
969
26
626
409
295
725
145
316
98
839
396
624
16
93
361
21
900
808
815
343
491
728
373
387
537
557
807
60
990
614
970
658
474
328
693
6
323
463
238
80
346
173
513
851
7
540
970
477
868
129
642
535
699
978
841
61
441
745
153
858
850
31
940
359
21
941
955
881
261
369
550
809
910
748
469
850
609
933
445
544
23
225
377
573
579
373
632
125
536
531
357
781
812
555
13
728
7
219
590
832
280
575
280
910
917
591
688
223
705
269
754
53
648
772
407
614
357
317
706
759
489
93
634
877
839
500
184
999
637
947
528
898
283
4
690
813
919
913
427
839
852
755
739
614
255
860
580
687
19
149
765
430
174
357
154
408
14
920
535
205
576
758
116
17
971
40
873
900
365
185
287
839
216
345
934
329
837
158
32
732
276
180
447
747
614
705
257
848
116
35
76
384
270
232
734
389
310
168
155
453
808
613
659
632
854
563
38
898
691
241
432
431
62
858
137
393
272
62
986
121
198
765
589
823
523
330
364
759
638
559
562
947
551
917
73
536
793
448
703
187
818
540
997
924
48
135
430
704
882
458
186
807
891
712
570
788
974
441
110
886
877
209
848
854
158
53
746
718
784
280
109
293
561
869
104
404
270
222
77
660
481
611
893
382
886
872
737
227
351
973
977
467
371
753
460
188
5
859
959
437
750
56
506
212
819
134
198
479
408
892
237
698
118
734
721
957
16
675
880
177
563
805
353
407
70
68
657
731
791
993
93
372
485
93
577
368
591
467
429
323
852
196
96
109
775
768
501
204
146
31
71
