100
400
992
464
456
44
537
230
986
360
861
567
892
66
837
241
137
198
852
293
467
4
82
620
376
253
164
336
906
155
940
519
602
694
946
137
64
811
710
684
858
711
950
641
626
124
828
829
916
520
227
830
344
246
636
454
947
432
526
896
258
843
398
755
290
380
657
309
773
160
325
602
90
972
578
802
359
101
144
972
668
439
790
700
218
558
757
940
521
634
440
206
556
712
880
380
548
31
829
485
98
830
834
215
203
384
107
723
480
56
414
943
436
505
12
519
61
536
152
449
825
305
490
453
132
313
455
167
503
568
964
836
437
436
415
777
137
294
54
701
45
307
776
105
534
856
444
189
23
752
454
689
983
820
182
791
785
352
18
893
23
796
159
981
189
99
366
421
20
796
158
845
733
876
951
343
447
609
517
234
647
690
336
315
560
725
475
823
258
262
926
838
769
218
194
389
13
299
218
435
194
148
527
509
766
884
413
412
247
351
346
528
799
855
889
788
73
563
322
223
822
338
417
125
396
136
470
911
839
110
210
450
97
337
607
403
692
216
875
185
303
250
543
281
38
198
64
580
138
750
592
701
697
971
263
70
364
813
5
951
838
710
658
856
611
680
300
591
223
527
12
128
815
417
482
54
135
6
265
263
157
188
642
528
255
10
644
643
253
609
348
602
403
711
296
348
478
754
322
797
62
290
711
472
797
273
141
657
15
424
51
471
859
943
199
218
410
703
302
560
41
230
126
655
381
597
694
169
60
711
634
679
435
698
958
441
857
560
431
519
306
602
940
551
980
410
348
502
634
43
309
191
604
491
206
737
413
957
122
427
134
3
708
731
39
79
939
988
547
879
821
220
421
732
297
253
104
1000
436
489
881
947
821
1000
848
704
551
934
363
338
785
345
282
68
570
238
192
231
16
894
54
532
