100
400
377
370
69
483
536
409
536
717
566
583
736
334
386
669
24
217
335
505
304
975
478
682
288
171
389
514
125
841
334
31
828
120
195
184
851
953
495
584
737
749
774
761
1
435
824
793
976
773
165
361
602
45
588
980
365
98
583
172
984
500
53
465
284
453
677
696
126
791
132
149
211
885
598
298
304
997
906
889
280
788
723
386
938
6
46
680
618
170
650
874
159
839
393
660
474
776
930
697
243
746
895
978
144
840
601
235
281
775
115
491
674
896
674
127
352
793
100
869
7
222
261
489
504
943
380
995
882
898
975
194
849
460
281
275
847
744
545
848
781
617
621
717
281
290
503
273
864
694
454
955
183
630
475
621
823
114
338
797
582
867
647
180
96
798
769
789
463
564
609
770
709
183
137
993
64
300
633
298
892
971
718
609
275
230
456
228
644
802
125
635
556
760
770
651
811
296
664
68
330
590
596
489
604
424
500
689
89
826
489
782
466
524
213
890
447
754
693
783
3
600
352
720
178
741
676
94
275
789
266
133
691
566
915
164
952
542
327
139
512
502
27
300
799
646
325
147
433
721
321
464
859
461
166
924
698
774
164
978
849
321
113
727
298
171
925
632
800
268
764
468
239
515
86
67
825
140
457
505
392
600
318
484
548
976
289
419
840
600
216
14
492
431
230
923
872
363
659
226
590
928
287
673
393
75
117
12
686
143
655
944
656
949
551
75
64
280
719
256
400
112
774
385
978
72
575
37
198
29
135
913
578
425
798
925
305
887
178
914
668
128
144
951
563
195
451
461
205
672
532
681
172
99
419
898
333
210
737
107
403
459
159
979
657
308
981
388
355
579
874
619
187
415
604
544
997
647
404
480
960
712
365
43
394
991
140
793
39
51
490
456
199
187
584
827
813
364
948
929
798
538
