100
400
339
740
849
337
10
321
302
334
948
957
621
316
871
891
3
263
1
387
106
171
308
913
761
815
175
785
953
817
896
910
555
509
490
304
41
170
833
276
64
220
319
747
681
504
731
815
112
906
559
102
131
190
27
235
253
749
68
64
256
149
210
407
801
168
599
401
947
345
703
956
308
200
156
103
442
315
985
662
667
756
614
90
882
416
759
597
288
114
677
430
406
440
664
55
576
457
792
148
579
944
255
47
212
42
946
699
854
491
18
954
594
105
244
520
942
476
551
667
498
24
732
847
116
733
535
668
523
516
347
253
177
79
541
680
413
374
411
74
620
174
238
73
326
397
185
785
892
5
516
308
382
964
161
935
344
947
118
875
653
2
64
370
947
63
861
274
823
45
926
899
337
438
918
165
783
828
221
138
484
693
496
326
765
485
254
396
413
473
602
977
823
460
341
120
527
484
422
617
126
299
847
655
567
825
605
853
543
524
751
279
662
120
159
274
11
884
819
139
478
475
405
66
970
484
969
461
761
781
409
412
190
879
286
840
196
525
299
161
186
163
84
970
175
358
79
447
219
963
908
236
308
39
181
189
413
39
335
313
581
596
210
828
333
402
757
33
295
629
797
82
937
72
161
446
980
237
966
818
197
510
94
451
31
597
684
326
780
297
612
346
164
895
4
620
693
346
844
78
804
558
258
898
206
306
738
258
380
827
380
822
848
5
817
529
284
667
719
244
589
252
804
170
681
89
735
515
698
879
210
734
550
832
554
976
593
967
542
409
995
131
748
925
410
899
230
12
323
752
736
388
647
150
284
186
433
323
655
108
892
289
657
757
261
961
494
958
351
270
5
626
113
17
392
584
243
791
126
790
103
887
940
700
450
76
877
501
757
904
706
187
751
402
643
476
298
100
836
865
914
590
