100
400
101
413
797
132
579
275
654
7
928
678
491
858
221
750
850
96
273
688
867
404
33
709
542
746
539
824
22
567
965
198
519
662
592
32
708
386
55
660
733
481
421
487
791
495
922
688
293
556
10
450
811
789
392
462
954
973
541
473
56
830
282
901
808
399
900
436
67
999
505
158
454
415
269
291
361
843
881
538
494
45
850
519
629
778
539
361
847
901
416
24
307
96
497
176
539
492
499
399
197
224
339
128
645
546
895
970
114
369
11
732
745
603
25
169
463
729
134
340
91
479
346
503
978
991
193
423
204
433
557
889
39
916
593
883
475
713
779
617
794
50
180
767
450
448
691
12
382
872
89
857
888
835
638
313
68
190
100
98
176
536
113
542
192
365
305
325
854
863
795
283
781
880
892
497
12
21
188
382
457
575
856
815
168
469
41
37
515
353
795
597
726
647
422
857
261
306
359
177
104
462
250
689
510
923
454
982
210
813
99
119
599
109
42
293
405
349
53
654
203
45
106
592
944
923
452
651
163
697
426
801
651
298
269
765
543
780
300
275
405
243
196
388
349
572
991
907
249
992
817
569
250
455
229
4
441
887
380
598
376
747
352
105
689
296
530
264
716
93
153
752
722
417
750
316
869
412
760
455
829
24
435
880
191
997
266
974
231
614
864
966
258
97
725
443
96
693
223
219
626
782
745
628
758
210
154
385
962
322
431
62
262
687
331
614
5
239
857
682
405
176
799
576
851
380
392
681
621
245
692
829
58
941
238
418
54
978
221
248
868
394
575
16
166
585
790
796
817
309
194
722
232
954
816
847
200
206
409
489
559
151
15
617
647
650
440
584
899
23
189
81
651
482
665
212
526
558
637
600
642
387
689
265
501
713
555
741
593
982
355
750
936
715
299
322
438
883
347
634
655
536
