100
400
113
989
938
686
828
797
378
300
787
376
125
123
580
610
169
677
182
296
233
326
999
417
925
471
593
808
148
145
112
659
506
697
684
802
271
464
204
726
254
87
603
287
74
309
825
248
545
286
990
55
956
451
693
762
829
10
285
52
368
618
928
438
792
593
871
447
808
806
904
723
166
949
856
149
41
621
307
935
215
657
230
368
33
249
129
741
482
308
425
622
935
875
719
417
404
553
781
910
746
98
306
677
936
728
990
146
67
556
332
818
560
206
538
967
802
581
666
875
95
8
981
400
819
573
176
604
990
720
976
679
933
258
629
951
56
276
164
545
156
722
576
755
306
897
852
107
128
202
719
213
150
952
126
921
263
548
57
942
742
568
764
15
433
126
399
826
687
181
305
661
708
401
39
357
504
688
241
945
337
810
418
562
629
165
916
96
796
767
215
878
814
999
915
67
262
877
856
778
932
776
494
988
259
415
718
638
569
271
660
892
148
361
229
718
220
89
508
632
249
231
865
245
343
457
743
62
338
303
810
688
630
711
447
290
644
859
22
642
124
19
122
81
563
244
757
443
118
599
283
768
134
56
716
672
392
483
192
216
657
273
914
229
448
330
159
207
376
734
466
478
892
763
555
162
414
215
526
659
831
891
599
169
772
826
498
593
178
31
356
253
868
682
676
245
995
828
222
206
938
313
491
376
772
450
709
928
877
503
473
915
734
769
141
227
456
726
367
382
781
913
699
384
339
502
465
60
185
189
471
539
317
101
482
975
937
391
773
513
45
847
312
441
472
36
822
263
236
412
96
650
539
962
851
802
745
931
417
95
450
130
195
232
298
194
64
36
533
845
352
794
239
969
272
227
939
529
780
985
980
673
479
496
262
887
821
861
457
905
355
324
449
930
648
644
911
161
671
21
72
61
