100
400
549
141
401
476
262
414
783
505
788
797
363
420
842
610
914
857
987
794
806
548
259
155
763
864
1
780
761
398
478
347
910
331
245
218
747
718
309
334
428
659
86
188
962
642
704
100
233
105
217
102
921
552
554
95
183
393
949
113
718
378
48
822
895
6
297
876
739
557
744
331
836
665
386
107
701
286
714
113
807
196
40
790
800
373
869
850
470
360
302
588
114
35
843
183
704
264
556
54
600
100
866
864
165
540
113
197
391
429
223
287
152
893
923
580
519
34
850
873
815
804
193
126
503
548
522
613
747
29
882
558
705
820
597
283
743
92
383
216
627
434
412
354
95
277
281
282
889
826
589
472
776
843
597
429
391
903
875
446
25
777
237
430
936
758
600
782
215
933
869
853
433
732
203
960
253
616
220
77
437
766
565
833
6
154
538
417
963
100
954
545
470
146
290
116
597
239
948
175
656
146
858
852
858
517
37
778
712
482
353
145
621
852
237
79
449
920
13
774
409
427
455
956
391
901
240
801
312
65
462
208
785
148
624
920
291
871
180
402
399
333
948
227
635
319
51
4
387
94
782
133
31
615
823
31
940
365
779
545
731
205
457
866
128
889
925
783
262
414
330
44
447
435
699
274
598
880
10
997
558
185
974
79
959
473
492
378
613
817
119
332
748
524
157
265
856
947
866
225
996
156
413
553
238
681
29
383
403
11
228
191
245
617
267
478
750
47
365
821
434
249
599
182
884
79
611
807
186
664
156
135
65
188
574
74
593
362
648
611
2
699
437
616
344
813
415
558
73
865
933
421
149
625
84
629
798
593
592
722
504
969
373
552
603
100
327
257
585
190
357
583
251
844
809
550
335
244
288
33
189
954
774
326
856
588
181
493
710
77
600
493
972
596
218
379
293
966
614
29
612
655
