100
400
397
603
315
516
594
257
354
36
920
586
787
193
938
220
896
789
614
588
34
295
795
125
555
345
424
586
593
11
209
922
370
509
339
375
116
888
635
917
871
699
285
348
441
292
432
33
11
876
548
194
582
534
270
201
230
48
621
705
226
46
812
450
295
992
270
733
731
87
226
46
919
337
620
79
923
771
10
487
552
367
218
752
808
132
833
152
865
139
630
72
10
644
340
964
714
387
7
579
578
707
660
676
15
146
754
654
638
803
290
568
341
858
243
179
290
902
255
740
420
778
246
541
401
785
709
27
258
330
445
436
529
211
388
649
475
51
906
621
118
940
405
379
517
877
471
331
863
300
633
582
796
890
131
95
95
975
633
192
823
3
823
44
132
706
590
855
384
218
857
523
205
352
288
905
420
829
733
728
141
768
218
288
474
476
694
315
97
104
678
331
674
684
201
956
944
739
697
41
663
829
136
728
657
49
105
930
737
518
309
817
392
574
751
58
359
278
460
69
14
351
919
308
461
923
658
737
25
97
977
8
652
815
773
580
936
940
198
430
701
148
732
418
542
62
158
724
254
664
882
200
288
718
336
777
502
121
731
548
429
37
206
969
964
886
760
182
907
533
551
825
595
329
387
244
148
326
146
483
883
876
387
101
759
499
510
375
206
16
425
950
345
751
826
989
876
457
583
116
958
395
302
386
943
257
788
69
861
987
697
522
106
295
378
796
713
607
555
17
588
457
851
14
279
22
573
627
655
259
897
667
12
139
663
135
288
626
58
864
384
511
881
59
531
903
586
170
207
299
786
49
886
513
336
296
235
666
222
854
38
421
181
445
340
842
969
194
569
536
900
604
877
153
477
680
51
979
793
403
622
224
437
148
58
875
928
174
471
341
114
480
155
125
182
499
601
739
346
827
412
197
