100
400
817
128
211
237
756
614
20
162
838
441
307
55
941
758
677
419
102
678
581
644
71
916
259
404
87
935
840
368
564
60
414
581
738
455
873
265
948
84
527
433
630
807
983
479
220
669
960
452
732
558
740
615
780
110
813
832
292
181
710
694
380
265
906
217
135
32
784
150
680
858
559
836
774
261
221
890
55
336
806
5
628
60
772
633
230
869
222
589
679
623
637
497
640
996
432
416
965
759
786
552
190
901
532
713
466
798
935
773
700
204
533
892
96
693
610
776
79
828
258
337
889
564
684
585
435
785
587
955
782
884
770
943
269
197
564
143
352
385
264
290
675
537
615
107
131
911
414
611
771
480
810
146
4
33
870
44
330
265
682
263
617
158
449
832
884
604
463
379
218
995
788
217
859
746
946
5
333
810
24
543
133
377
72
629
537
811
558
757
535
62
18
269
828
632
996
852
917
915
640
65
854
635
978
433
904
75
696
564
549
808
275
551
601
694
80
844
879
188
714
369
83
791
334
472
619
911
513
427
601
769
495
852
523
630
909
849
199
795
778
951
559
597
300
783
646
684
473
38
99
931
450
275
681
776
10
107
631
529
289
954
543
852
533
355
499
328
297
643
119
840
829
496
743
814
262
810
235
753
48
645
962
121
998
713
513
265
96
474
161
127
549
312
500
148
194
48
811
54
550
891
411
533
639
398
491
256
615
383
793
207
817
367
24
903
888
492
626
155
301
828
335
686
459
760
178
334
151
957
752
406
470
658
806
603
664
788
640
727
691
281
779
468
862
207
559
307
551
874
846
232
730
728
300
461
414
12
384
72
856
546
529
588
138
173
725
141
281
97
232
170
17
391
317
599
715
485
195
87
456
558
970
35
235
110
863
613
299
83
977
838
996
772
972
323
802
573
643
762
363
258
