100
400
284
204
340
270
264
305
955
529
153
69
510
542
453
943
354
40
252
19
772
656
924
578
894
997
722
739
263
237
306
619
927
3
550
392
224
980
771
86
650
993
919
804
12
668
681
937
82
763
872
347
773
831
405
477
210
629
822
90
600
597
214
290
25
55
69
980
554
23
61
580
390
779
376
638
363
972
851
393
376
775
918
922
620
219
470
927
413
717
753
441
82
35
513
375
88
90
324
171
442
1
729
110
884
539
825
236
13
69
851
852
757
9
739
785
144
619
61
137
261
301
550
614
413
608
647
31
17
533
790
601
96
597
925
504
928
589
319
895
967
417
123
462
365
830
463
144
85
169
34
728
123
506
903
945
346
678
682
976
856
434
862
163
349
335
340
424
38
398
670
454
392
579
61
414
855
577
141
18
951
129
326
520
283
137
725
519
576
507
395
549
705
429
560
59
172
460
381
397
129
774
738
344
409
672
235
53
646
843
997
894
569
407
172
387
828
769
415
286
940
975
99
335
52
866
631
943
431
478
676
428
708
649
783
157
824
640
94
720
275
368
928
977
497
994
547
122
619
665
818
434
747
474
490
961
758
539
283
509
28
772
913
326
614
953
234
737
830
845
264
669
427
914
77
326
345
83
55
608
782
498
371
371
915
267
627
594
476
827
99
119
80
499
386
174
733
380
133
436
283
871
458
687
992
705
193
286
109
163
626
943
724
205
688
631
155
593
255
875
270
956
596
82
699
356
255
462
419
153
92
987
809
536
393
554
340
33
269
248
867
313
753
366
520
257
743
907
76
838
242
569
445
149
997
682
322
973
485
52
419
196
663
895
681
107
88
336
650
449
386
922
453
906
126
279
879
113
51
482
169
859
964
373
985
582
200
220
707
942
12
711
533
496
949
188
375
196
338
185
213
822
