100
400
371
531
262
364
20
139
143
282
253
986
46
742
114
626
213
140
419
999
676
701
891
179
363
981
500
313
416
846
493
225
222
296
420
716
174
836
605
694
858
929
556
845
969
614
409
148
913
213
155
631
172
413
67
733
304
79
386
930
349
897
500
591
161
240
550
314
462
46
624
150
37
28
698
288
207
759
940
669
3
206
49
281
389
732
502
198
392
919
305
261
636
892
115
207
344
391
905
277
88
279
12
480
889
183
473
96
243
340
648
36
540
219
322
829
686
501
679
314
566
783
687
505
710
219
802
75
533
432
86
741
352
726
315
322
199
234
534
115
557
244
42
85
442
475
558
285
235
239
133
47
428
435
167
804
228
926
265
17
798
905
214
266
107
557
540
724
803
570
636
27
43
141
266
739
725
302
72
920
908
373
801
638
808
453
343
879
828
212
168
841
385
295
653
943
520
894
503
633
746
212
687
983
597
365
225
32
151
671
941
61
471
307
177
240
445
444
435
338
663
690
101
732
26
692
682
823
594
609
532
285
950
120
765
62
643
681
107
656
563
448
690
44
490
114
258
763
240
905
333
795
131
639
221
964
346
759
139
507
825
361
746
667
443
711
910
234
533
307
541
990
79
473
131
771
36
799
261
806
176
358
408
783
595
950
629
430
903
496
690
834
352
356
224
671
332
870
635
682
8
453
609
588
797
545
692
800
532
146
266
550
191
767
545
252
808
1
930
95
746
723
499
485
939
4
919
640
931
290
881
637
718
18
688
816
323
928
981
882
61
769
286
406
563
700
334
306
363
289
568
472
6
595
372
285
266
747
16
176
991
270
264
776
650
533
350
761
958
697
304
635
465
93
521
841
25
970
817
948
556
553
681
366
689
213
709
791
640
653
287
257
648
449
922
312
207
529
339
277
459
198
