100
400
310
375
88
707
532
275
342
485
517
473
16
910
709
390
892
499
871
535
271
658
483
101
820
121
615
281
900
809
847
81
311
466
460
867
905
622
130
556
132
959
483
11
794
79
107
359
852
740
931
292
459
278
953
105
573
200
997
336
254
84
739
691
681
268
690
594
362
438
649
825
473
241
847
544
514
271
274
831
955
617
896
891
462
467
769
981
618
921
727
330
329
946
292
550
409
27
617
720
993
399
526
807
31
76
35
316
557
968
128
878
504
479
284
628
161
697
336
410
605
578
384
139
67
659
66
35
813
945
368
683
828
213
175
923
856
251
946
437
111
396
711
801
471
449
836
9
434
952
345
410
5
592
966
509
500
924
677
36
808
957
338
417
334
600
909
110
286
907
208
910
980
530
982
433
572
608
492
779
899
396
673
16
783
390
154
745
702
575
970
517
739
109
495
889
839
447
143
778
734
63
265
500
801
732
608
470
216
5
77
915
582
570
418
691
622
413
330
778
763
367
309
550
394
633
248
377
23
753
32
154
191
263
675
679
759
516
593
353
571
99
117
913
466
254
603
955
463
46
9
769
206
602
439
483
548
907
300
902
331
780
203
167
876
235
139
484
885
690
636
623
280
690
344
582
672
806
61
521
636
935
172
195
384
601
126
383
151
939
357
341
659
381
381
329
872
147
140
700
255
458
936
471
518
680
229
712
306
298
718
108
54
833
958
536
529
699
320
57
238
306
824
793
200
232
295
823
417
881
203
61
264
775
940
864
736
964
139
643
650
335
838
203
303
962
893
297
830
944
118
599
457
73
456
11
479
65
951
784
133
687
890
875
702
867
120
986
965
163
37
453
358
984
489
720
952
986
593
927
83
55
968
954
933
160
479
967
269
114
83
179
622
399
166
346
219
294
769
403
829
278
