100
400
954
800
247
477
784
868
537
87
854
280
207
373
22
691
154
574
970
381
871
756
907
853
753
380
470
206
600
397
358
219
562
114
805
221
666
820
345
526
852
485
890
381
678
377
51
945
917
589
464
990
125
998
445
850
299
984
454
977
467
995
775
477
512
827
681
227
629
569
550
413
86
141
341
197
879
770
802
893
550
483
976
70
882
21
27
921
125
462
782
886
88
15
551
230
248
51
836
976
628
661
292
256
520
874
56
986
603
471
724
993
52
924
183
870
890
353
565
631
382
650
892
688
610
788
516
608
154
324
179
821
234
558
97
360
781
238
345
15
935
690
125
135
872
317
490
783
221
663
932
950
772
534
828
442
456
956
408
956
553
521
215
116
899
583
239
227
735
220
323
792
583
959
646
360
100
812
243
282
293
234
723
985
678
921
89
781
737
383
144
382
898
349
477
416
399
303
443
637
563
338
152
805
988
669
273
766
451
768
367
883
839
471
681
197
5
756
418
900
428
515
382
220
795
653
498
828
314
12
81
840
700
484
442
631
658
119
806
137
71
807
369
110
926
771
15
506
832
419
453
385
888
894
870
408
204
494
664
265
103
261
15
278
525
675
865
359
128
425
203
548
734
223
821
216
303
641
467
177
160
783
63
777
389
958
749
110
440
36
765
783
169
94
451
384
706
859
834
398
506
201
645
599
120
918
242
175
360
354
458
394
122
132
162
393
950
116
420
622
406
839
598
736
512
801
582
77
370
577
644
870
830
408
120
484
457
739
81
35
832
20
650
783
282
247
237
968
491
378
902
251
646
460
492
123
445
201
430
330
87
845
662
123
15
295
622
656
694
807
509
320
418
839
321
707
634
167
269
354
969
829
635
390
604
46
427
601
909
340
187
870
852
68
293
235
997
572
677
346
320
443
