100
400
38
35
383
289
432
265
732
25
982
88
326
58
79
83
431
194
587
99
607
656
291
159
629
720
228
757
307
360
535
699
741
7
281
948
200
965
98
15
773
182
305
638
663
307
315
750
211
124
222
827
22
289
837
704
616
653
547
476
248
142
124
289
1
563
184
637
396
942
901
902
582
413
598
712
736
892
408
900
123
158
579
570
803
939
263
181
752
423
418
803
303
587
112
723
284
822
951
753
788
251
24
281
221
187
373
622
393
228
799
996
710
806
101
777
666
520
490
761
782
228
373
938
466
196
849
725
450
444
931
936
258
16
116
894
82
817
946
893
31
939
190
181
632
932
581
513
222
678
170
149
692
387
775
683
745
242
669
497
911
612
105
572
50
20
958
273
235
649
281
485
950
966
983
794
8
674
213
321
535
182
134
658
320
870
798
907
314
835
636
698
819
212
59
546
435
624
637
386
911
740
331
231
142
497
621
361
140
277
139
759
179
794
595
930
754
345
785
206
351
79
385
330
432
331
991
370
378
887
480
103
932
493
309
632
266
410
146
127
251
810
704
901
196
811
447
78
903
427
767
420
593
351
109
511
900
815
880
948
144
476
569
852
636
560
278
632
43
801
845
503
613
613
179
898
741
350
2
779
876
282
839
426
517
172
196
82
519
940
408
747
629
204
450
723
993
943
851
769
813
813
731
224
496
402
820
394
609
915
981
75
767
322
675
60
19
851
234
337
219
713
744
342
142
480
596
226
813
646
389
85
757
399
273
94
664
536
190
150
437
849
762
829
498
419
397
704
278
792
362
710
698
418
135
943
81
94
455
274
408
748
977
452
787
901
546
830
65
284
729
118
401
447
301
432
332
375
411
787
458
967
875
221
241
861
279
545
920
522
165
151
785
979
762
572
318
637
781
298
701
184
