100
400
75
343
992
236
803
802
592
588
149
436
541
972
530
508
753
697
969
113
498
750
944
683
937
987
70
62
694
329
447
541
475
128
593
15
368
144
147
137
105
466
909
48
288
619
742
835
379
949
791
985
242
109
801
490
376
537
97
409
790
832
751
671
60
32
910
948
793
471
2
59
44
685
772
966
379
84
960
70
289
122
703
46
242
273
15
363
677
713
895
44
628
842
575
699
923
816
314
395
346
537
101
712
825
610
460
813
754
401
321
423
981
196
634
615
600
862
74
557
162
392
440
69
660
351
323
797
843
506
940
532
605
617
422
990
752
246
759
921
806
150
801
794
325
295
6
158
717
514
17
83
27
44
796
211
808
50
121
98
251
854
102
714
787
275
834
317
47
495
237
296
214
618
384
229
992
211
796
176
365
371
546
23
747
558
339
881
690
604
828
346
26
265
725
714
852
139
78
964
204
237
150
47
519
921
37
893
296
445
754
701
744
883
943
150
674
579
516
824
259
803
470
704
802
746
63
283
760
178
395
857
837
201
953
118
825
403
113
957
276
455
912
225
877
192
146
972
95
315
25
367
211
366
510
52
445
106
234
894
131
513
89
771
551
871
738
160
301
182
841
1000
920
432
218
133
742
364
619
113
93
57
497
699
675
464
779
107
355
485
996
28
73
103
456
870
241
899
912
656
649
5
625
678
398
781
349
975
193
248
182
68
657
56
166
996
880
929
891
527
646
815
580
93
1000
934
562
366
441
642
73
820
842
355
457
155
172
120
121
385
594
452
182
32
424
518
696
760
476
595
75
922
646
487
314
844
676
389
930
579
62
150
754
533
426
739
746
722
784
395
753
303
242
986
983
619
272
458
737
92
287
784
29
355
218
549
698
466
285
568
268
840
216
282
497
98
426
456
965
795
487
122
