100
400
466
664
721
663
676
227
692
451
887
287
841
230
731
491
939
51
371
148
466
431
710
593
714
202
953
78
584
435
431
143
505
858
407
123
266
86
27
272
744
695
319
581
424
330
337
893
718
817
752
649
41
86
461
76
177
523
489
296
796
853
409
260
246
979
514
605
579
726
316
210
33
766
918
536
441
173
325
217
678
896
148
134
906
149
958
919
853
519
962
324
751
831
691
38
690
968
30
564
66
889
391
110
707
726
947
866
526
117
198
459
571
385
521
871
230
65
174
184
720
483
440
387
342
103
991
689
654
248
823
583
317
258
492
599
528
474
648
74
220
714
445
305
372
442
423
728
533
516
413
623
189
970
430
266
295
675
933
779
932
818
904
136
691
875
81
293
227
738
500
77
581
584
501
25
519
73
347
273
652
681
129
514
564
179
203
927
983
628
653
408
401
647
555
848
411
531
904
613
69
374
263
423
160
27
425
154
341
260
299
894
302
546
681
764
761
123
357
780
519
9
696
858
16
955
934
303
674
320
192
973
545
435
804
802
572
919
414
455
302
581
212
714
188
395
677
379
292
773
424
422
793
983
148
630
476
442
767
836
239
650
212
678
559
789
967
336
600
521
247
479
503
348
665
51
957
509
50
370
254
462
738
695
858
150
256
835
506
643
110
592
575
540
198
815
159
52
919
1000
996
75
220
243
184
54
749
685
159
171
471
303
917
974
609
181
876
141
458
893
849
753
329
418
481
991
997
706
439
5
464
280
152
429
233
299
205
813
898
485
897
409
678
672
992
177
689
14
454
625
106
108
937
462
434
735
97
224
950
384
706
655
541
98
187
122
972
423
955
744
864
1000
26
529
431
842
886
364
626
917
565
732
192
762
864
606
240
794
647
319
337
630
24
759
475
633
617
709
510
361
80
184
