100
400
121
173
237
520
234
339
526
402
415
669
347
903
416
205
817
204
10
118
688
89
794
510
948
359
118
902
174
168
499
66
632
64
970
510
353
276
960
738
824
834
257
115
766
214
359
161
624
130
127
785
957
575
940
26
311
92
629
10
663
857
786
846
182
372
204
441
838
518
728
301
117
906
417
428
351
91
649
547
884
508
680
662
341
385
755
487
69
385
614
757
38
315
311
805
586
209
180
59
871
344
915
597
8
466
783
256
724
102
47
148
40
368
803
980
863
850
28
918
621
688
453
755
707
772
831
789
613
1000
532
710
348
598
802
533
851
975
999
340
929
499
153
679
285
127
992
53
630
574
136
637
946
949
664
568
395
174
485
496
604
557
4
468
576
362
572
581
744
614
85
565
948
538
871
539
667
804
870
847
193
275
661
288
95
580
556
297
410
456
928
451
97
948
559
907
417
252
323
933
768
271
108
221
337
709
158
332
934
374
223
123
308
638
237
245
731
806
529
890
973
616
817
926
941
666
539
686
721
2
637
702
79
756
461
694
950
270
976
912
596
458
110
946
899
192
248
716
907
973
597
72
920
272
676
507
86
446
809
51
516
877
62
907
274
613
818
264
276
433
907
807
450
93
74
793
575
32
410
524
691
957
435
774
150
684
120
509
619
428
265
697
936
28
317
381
762
645
932
471
219
761
926
967
516
907
932
927
984
120
498
995
248
117
545
892
189
612
287
946
954
651
493
144
823
799
336
316
93
415
815
41
462
113
947
621
874
280
904
997
588
710
793
610
396
520
296
933
765
567
242
179
356
322
430
436
940
399
891
113
1
236
412
272
632
727
50
145
545
550
819
418
67
585
987
375
405
701
368
232
326
59
271
79
697
704
505
486
550
209
301
296
169
591
916
492
350
770
849
9
160
642
