100
400
323
319
54
796
941
720
909
97
793
631
16
996
108
997
956
82
295
977
952
17
266
955
967
868
719
510
95
669
13
160
183
818
786
315
100
125
352
887
434
879
670
192
748
731
947
775
264
317
864
479
385
456
409
456
669
663
745
232
458
29
361
521
492
137
108
77
115
987
126
802
307
635
134
595
370
959
229
26
907
991
951
207
386
164
870
209
964
453
428
372
31
856
137
879
736
61
988
416
509
952
284
107
571
723
274
263
799
925
42
992
293
888
708
929
160
169
207
545
128
677
256
64
119
17
727
692
245
719
70
310
256
853
973
535
669
173
920
151
40
209
352
107
378
887
112
343
652
33
484
880
8
236
276
762
720
559
853
958
709
297
32
390
655
494
396
143
5
588
844
376
310
265
396
362
181
519
664
704
113
890
333
963
384
168
901
776
866
250
638
748
311
535
230
96
792
496
56
3
6
500
539
415
230
133
521
970
780
463
894
364
771
490
401
794
884
824
262
801
51
74
816
494
837
714
428
782
821
112
892
536
632
818
735
740
673
418
660
271
605
425
429
919
511
163
212
352
360
195
45
890
404
964
993
222
595
357
453
493
735
649
397
922
272
401
126
392
468
168
580
316
1
996
516
5
534
165
954
982
679
270
717
221
116
942
453
726
252
321
291
703
164
291
462
774
184
637
158
778
308
798
12
841
829
146
216
901
9
288
346
977
34
522
238
557
457
194
345
794
373
835
6
760
289
34
30
497
984
545
98
634
345
83
489
705
345
100
371
95
959
833
651
433
193
453
302
23
841
774
37
860
274
30
301
818
661
909
907
661
642
32
429
112
573
478
579
6
330
257
688
307
87
875
187
201
994
913
562
389
406
736
924
355
695
578
565
769
399
963
691
931
783
328
937
509
288
356
338
538
898
60
