100
400
302
626
280
12
3
25
400
517
821
231
345
484
526
732
246
633
268
426
960
378
480
752
435
829
465
601
330
128
56
281
756
24
797
842
137
49
903
197
206
994
567
672
858
839
262
936
757
321
528
314
663
686
711
884
868
720
394
397
74
811
385
765
287
636
797
840
173
795
367
933
83
318
242
963
544
182
204
705
734
965
688
182
732
585
328
190
24
665
908
327
419
206
2
231
321
929
52
923
364
275
56
633
462
954
214
55
393
554
293
424
880
548
392
539
979
186
22
949
324
666
676
41
921
381
553
326
979
406
377
622
73
864
50
198
423
898
879
768
544
955
901
305
178
634
739
546
241
147
774
224
759
486
765
330
464
779
13
419
409
994
426
475
47
899
215
456
472
624
465
126
527
620
232
980
350
667
574
240
444
882
510
590
173
105
652
676
954
562
148
509
434
602
28
159
841
810
671
297
815
976
156
3
674
371
687
481
280
234
147
3
998
29
202
84
414
772
534
892
903
181
123
376
844
365
991
610
876
174
522
461
170
234
794
609
657
875
486
888
313
178
565
217
634
386
405
885
91
12
641
106
775
106
357
654
298
752
123
480
291
853
874
379
850
519
516
730
148
840
31
224
487
399
236
131
707
519
751
999
543
90
606
891
961
542
457
901
1000
316
861
869
245
598
427
763
417
508
820
83
792
496
217
444
551
85
816
26
943
427
428
454
102
620
309
132
657
857
544
748
53
974
558
747
877
498
984
206
253
317
164
595
430
301
535
781
9
69
812
806
142
983
888
490
136
937
112
711
175
11
417
3
652
276
102
113
566
545
615
642
934
297
553
549
778
169
357
579
983
114
495
522
99
56
376
26
369
81
709
486
893
187
246
178
534
53
965
387
379
466
640
51
243
218
64
468
869
91
954
476
318
619
