100
400
895
364
303
452
895
552
351
966
812
945
834
963
147
707
787
382
225
466
356
486
538
600
440
857
42
384
295
847
708
905
375
503
994
46
922
121
754
25
127
570
530
722
712
603
355
248
637
837
490
770
463
301
426
111
55
973
141
479
52
256
937
827
291
409
122
391
240
506
481
288
285
237
997
807
395
673
30
436
893
903
396
22
34
33
890
719
139
556
397
60
355
151
163
690
440
807
828
578
539
437
187
411
966
148
448
765
917
482
154
626
922
519
387
44
445
411
469
977
829
713
658
97
202
163
133
267
678
201
702
982
615
835
588
310
728
117
147
374
850
969
738
653
393
894
889
859
187
669
699
747
872
971
295
162
403
390
346
379
281
222
175
66
197
143
305
737
349
247
636
183
639
221
302
254
91
785
467
456
655
426
399
251
439
940
383
606
273
36
281
975
529
983
571
259
651
531
67
531
482
123
575
305
254
159
132
156
921
225
219
623
539
516
924
195
43
905
979
651
540
738
235
685
31
67
15
367
81
90
642
199
688
289
392
713
276
870
735
905
488
607
984
764
470
243
350
498
607
881
910
531
745
891
404
199
598
351
328
254
54
766
658
767
489
168
665
288
82
861
784
367
206
303
118
373
876
729
685
514
526
34
925
132
370
125
276
956
613
389
890
810
240
100
327
656
493
211
157
281
849
989
588
262
604
377
221
561
578
601
45
76
254
633
284
464
21
205
397
277
755
841
517
657
928
861
321
808
717
232
42
70
336
832
228
634
376
369
821
765
130
712
474
823
724
122
486
475
15
748
163
155
281
42
337
908
834
644
615
89
287
814
15
551
391
302
997
341
760
276
405
153
529
818
550
112
105
758
213
420
38
284
619
79
824
450
574
519
314
507
858
157
513
213
665
760
95
330
552
932
150
909
