50
200
624
848
709
281
795
164
864
681
944
363
63
105
94
780
22
750
847
345
183
649
572
806
938
40
353
146
431
432
753
939
950
770
175
774
629
850
9
897
189
900
555
764
160
91
469
453
820
63
713
759
999
807
280
93
226
564
552
75
330
566
315
1000
853
106
615
447
881
498
205
969
676
790
723
552
573
464
130
164
938
628
138
340
792
518
313
573
597
37
866
455
43
34
840
93
116
940
680
283
685
408
112
96
186
949
602
310
401
918
623
987
885
363
878
514
9
879
693
106
978
503
890
554
850
271
46
108
137
185
72
975
19
392
852
577
784
608
313
225
883
70
560
400
114
375
89
652
12
804
603
991
531
665
6
550
415
520
617
969
552
994
524
520
360
734
205
877
132
755
386
814
246
313
173
730
640
843
561
984
183
948
841
433
839
759
55
746
347
369
636
493
803
21
985
304
964
339
775
263
105
455
