50
200
710
247
404
200
847
916
839
592
691
46
577
843
65
722
41
81
375
31
575
436
959
942
512
984
15
570
492
605
732
62
738
309
872
555
750
218
289
651
375
600
430
323
23
789
629
457
347
781
560
405
590
402
714
426
707
39
969
785
650
314
158
809
559
364
153
257
699
417
419
460
942
869
815
432
590
450
477
438
280
408
385
942
348
828
218
886
647
378
535
265
524
172
44
401
600
921
271
816
701
555
723
242
753
538
485
877
11
452
961
306
485
651
646
43
338
994
984
743
495
166
584
840
245
793
27
378
324
845
943
824
641
693
521
691
166
40
328
222
787
243
18
819
451
604
920
428
322
630
621
580
136
163
319
251
75
91
785
278
90
418
109
890
458
159
173
642
779
615
568
463
824
454
434
999
244
13
465
702
923
907
688
183
898
607
431
847
782
576
989
143
492
193
238
232
110
599
825
833
840
818
