50
200
721
911
555
215
669
972
272
671
262
235
514
848
557
689
703
377
98
778
641
496
711
133
433
447
375
357
360
583
937
752
629
133
852
26
625
83
745
363
254
568
527
557
331
994
882
704
202
325
987
367
37
970
631
948
950
115
669
134
945
576
198
591
375
787
47
306
488
694
489
170
849
74
193
224
992
46
782
357
454
398
41
687
666
562
404
359
972
394
775
596
840
92
673
979
714
477
159
11
438
37
630
185
974
406
653
699
635
398
338
666
358
316
266
291
869
79
233
35
400
920
877
248
27
272
891
846
772
71
130
295
996
377
947
101
945
998
889
674
917
618
651
834
672
417
923
852
969
151
315
999
486
599
836
128
195
978
624
587
544
489
741
397
857
344
444
457
266
713
754
814
433
787
197
483
463
70
402
322
495
733
797
653
396
70
105
260
272
54
848
718
23
215
103
435
237
27
953
197
182
729
