50
200
974
382
575
278
219
222
314
731
568
935
290
179
570
2
532
142
155
527
589
415
114
606
677
223
618
439
131
433
214
568
826
256
277
891
263
754
365
268
709
347
391
3
773
714
262
585
959
374
603
791
486
741
659
443
736
840
168
515
748
794
621
845
683
575
924
413
771
342
723
456
497
292
760
299
65
983
55
190
503
124
896
610
202
777
474
341
184
392
173
752
539
419
97
813
413
745
280
24
793
401
519
229
938
390
315
655
31
64
237
169
106
47
658
346
240
502
124
586
341
513
49
730
764
603
171
964
297
996
365
936
354
828
286
802
874
138
876
255
16
394
788
159
522
489
42
357
917
368
593
662
251
587
182
829
75
357
686
496
21
480
171
169
746
429
135
569
252
895
845
396
203
235
626
779
975
553
821
576
742
399
380
868
836
406
726
541
533
204
382
469
450
151
596
44
257
379
902
864
893
694
