50
200
159
759
838
351
826
764
527
250
404
558
287
917
393
110
270
899
67
483
16
495
6
528
720
491
737
962
15
355
152
226
777
399
399
834
475
417
285
775
853
132
565
882
280
458
789
793
16
536
213
283
174
861
335
762
165
613
177
615
158
473
914
720
933
810
61
297
15
151
777
342
789
506
947
988
302
140
440
555
988
108
208
408
29
627
46
13
846
990
887
287
637
196
963
501
966
548
268
198
63
206
749
709
470
797
113
952
562
487
18
631
964
224
567
115
171
529
170
479
286
547
847
453
548
916
585
89
781
784
361
887
313
359
73
865
169
168
83
965
12
894
286
230
119
436
761
607
80
543
308
348
583
334
26
497
146
916
423
754
766
725
180
39
484
964
855
13
410
368
156
451
574
194
753
639
312
196
246
894
815
494
639
133
678
32
783
47
478
490
290
64
862
69
588
151
19
612
805
307
634
253
