50
200
971
776
42
858
576
41
167
342
333
902
149
808
817
659
250
251
304
353
632
933
881
471
424
610
886
718
508
169
475
803
706
983
77
131
557
907
219
127
329
294
808
928
979
711
590
144
248
759
765
171
599
262
441
100
885
979
8
507
589
523
932
718
656
484
966
184
77
971
362
87
244
287
50
107
28
807
393
349
583
207
107
277
957
107
41
40
310
535
159
137
32
276
841
428
373
490
770
932
72
706
493
436
294
292
272
775
399
382
954
489
86
899
998
559
738
190
782
36
403
951
796
137
112
59
615
467
118
130
980
55
389
663
205
128
464
343
935
289
514
352
351
795
478
833
443
149
13
831
401
899
266
615
39
362
531
554
433
968
481
514
822
313
277
182
935
497
189
982
845
327
832
718
26
320
135
182
166
942
421
429
621
356
291
888
765
857
950
54
812
673
884
791
610
573
89
28
491
70
858
95
