50
200
295
954
667
626
446
16
728
878
312
235
15
185
262
360
963
64
371
529
243
925
876
788
612
123
523
269
391
586
788
374
172
472
368
252
996
578
63
497
837
662
771
15
414
430
532
949
778
104
334
778
500
643
908
654
811
752
949
237
242
60
975
802
166
5
550
938
395
142
962
930
665
408
772
519
157
412
556
970
551
977
664
841
214
78
7
981
81
618
110
596
400
459
237
424
470
717
312
71
136
275
226
283
527
860
520
506
218
853
531
951
320
700
135
36
780
420
671
152
833
463
26
68
554
669
913
779
468
75
672
408
423
798
499
563
257
300
703
149
515
407
139
528
178
728
155
619
559
338
600
871
880
914
755
319
975
880
689
252
114
519
733
546
456
647
724
760
103
57
671
28
689
714
457
946
320
819
974
153
831
602
299
545
783
773
123
844
61
550
939
972
891
666
85
22
323
376
552
588
935
758
