50
200
904
100
926
626
217
315
628
812
826
14
429
589
911
372
42
814
217
253
873
420
8
104
497
769
456
436
149
430
42
849
311
946
66
820
726
540
766
520
640
850
4
568
135
545
742
882
303
198
469
1
699
63
522
424
224
353
349
328
218
708
487
193
948
652
989
777
119
298
357
885
20
937
88
148
625
330
929
426
402
139
834
275
792
830
364
139
724
744
229
928
599
784
645
820
164
595
736
940
378
759
378
785
71
370
55
899
474
215
819
787
305
871
233
509
399
675
62
809
120
991
636
873
980
704
472
893
807
933
2
258
37
303
96
299
699
411
495
561
918
280
976
514
103
522
388
794
999
485
818
509
663
616
335
754
459
797
703
533
497
382
26
465
276
603
172
805
705
515
352
388
431
886
508
658
887
500
535
929
173
846
194
316
818
973
22
524
59
265
903
613
627
867
948
672
954
871
110
281
668
931
