50
200
200
453
59
864
930
353
116
78
598
512
900
512
709
608
408
558
426
622
357
503
939
700
106
131
639
179
122
697
210
880
698
249
431
60
848
385
315
528
417
739
495
656
365
746
79
128
979
884
95
527
300
42
126
320
515
61
733
804
302
225
28
432
739
864
107
685
609
477
685
426
614
432
584
677
596
487
732
986
761
517
39
301
212
91
175
371
376
538
123
920
206
210
425
491
689
809
836
781
666
931
880
301
596
567
291
281
764
683
104
92
652
681
982
148
807
454
968
90
724
527
131
311
737
115
54
523
426
959
177
585
24
570
477
986
862
491
798
749
383
298
914
455
243
151
183
999
46
561
554
910
514
934
949
164
968
665
563
643
869
538
639
18
527
906
727
221
943
991
778
73
274
973
131
966
520
860
787
638
120
230
272
10
993
720
636
855
957
727
966
545
8
72
432
863
96
127
944
678
899
39
