50
200
823
653
630
733
56
565
442
435
673
232
225
221
473
213
486
468
490
444
300
83
400
367
523
263
598
202
806
486
414
656
145
21
365
141
100
299
563
739
667
303
302
619
468
291
307
404
415
577
788
865
665
721
4
408
194
238
861
704
472
101
522
611
378
299
930
834
14
461
381
168
683
880
260
148
962
911
57
847
901
952
116
772
526
45
39
379
314
98
280
536
665
254
648
157
213
709
428
603
124
742
987
101
483
254
711
354
319
43
942
276
117
900
679
816
91
582
92
637
465
148
274
947
359
492
918
90
305
547
977
790
454
855
262
403
877
426
813
76
656
102
398
519
192
530
884
317
175
707
793
680
821
418
270
453
996
612
709
583
211
707
794
411
949
811
606
233
439
621
467
497
974
145
29
619
664
786
835
875
377
346
214
165
543
778
826
35
979
748
300
323
476
280
819
172
444
856
462
44
500
523
