50
200
574
118
400
66
560
64
432
507
998
824
573
591
106
339
1
578
177
610
877
696
253
383
185
913
973
915
932
356
749
967
217
768
919
528
660
429
575
561
182
971
194
751
997
913
878
339
155
402
905
865
758
930
692
884
739
873
181
990
48
889
418
895
229
667
460
983
570
610
91
925
171
80
457
185
429
751
590
564
354
104
749
800
233
147
394
938
211
163
185
518
603
33
461
506
42
343
569
450
572
316
337
848
180
539
784
401
281
659
510
817
445
31
145
301
905
974
882
188
589
556
322
520
715
256
991
584
432
258
254
311
67
655
794
998
605
604
96
962
711
143
391
664
207
498
256
390
352
959
896
853
385
25
897
552
304
204
994
56
975
582
687
537
714
195
621
639
284
774
509
952
246
36
927
464
827
1000
452
875
373
888
236
548
521
100
671
27
922
632
625
199
596
629
228
821
804
886
730
96
352
454
