50
200
500
83
269
58
989
265
762
80
840
944
996
721
348
593
10
293
683
201
76
330
939
15
937
546
795
460
376
893
417
287
827
192
867
671
644
319
186
291
320
325
299
687
797
969
800
906
309
274
710
469
686
577
80
319
337
988
831
596
65
310
606
89
598
523
956
217
910
192
76
366
340
193
142
371
259
89
768
593
153
938
627
883
706
494
793
591
850
405
110
914
688
919
37
243
897
884
564
202
395
812
919
414
421
411
905
109
992
398
964
263
789
144
540
816
27
155
440
885
537
471
366
875
960
412
99
774
891
923
541
905
212
136
450
264
271
13
985
18
118
592
400
557
898
866
558
185
796
840
639
334
440
979
272
163
907
766
630
248
987
430
537
511
249
424
611
567
209
298
376
58
924
9
407
635
880
477
973
904
858
7
411
286
213
790
492
393
745
810
714
715
225
131
192
842
501
416
922
585
804
546
