50
200
648
570
971
33
66
253
734
595
190
216
813
539
441
405
878
283
19
198
359
865
206
589
75
622
633
185
6
73
146
226
426
928
809
209
493
510
218
107
74
837
360
551
308
310
892
46
295
222
166
466
165
376
655
602
56
174
484
876
391
116
304
783
99
62
122
298
538
637
861
227
750
110
792
915
79
148
300
156
916
537
644
694
75
687
284
637
852
507
392
256
206
713
608
369
491
864
823
392
797
493
656
330
263
149
17
731
754
772
233
930
385
483
991
930
394
926
689
853
191
96
781
430
647
178
377
967
199
690
834
473
612
606
903
709
228
159
721
444
272
14
326
54
333
504
456
484
442
943
613
745
245
314
214
311
932
645
779
936
295
455
916
993
332
877
747
521
189
617
951
1000
60
991
153
324
454
184
779
748
960
536
480
238
726
379
48
750
758
768
429
417
948
889
269
686
878
118
430
118
579
253
