50
200
334
523
298
897
677
224
380
91
277
236
617
8
458
397
54
392
934
675
700
646
180
910
585
101
453
565
920
930
887
866
206
621
803
56
341
309
305
857
4
696
52
839
799
346
734
852
819
350
613
774
542
825
676
222
558
465
966
136
646
223
902
299
11
504
433
949
550
89
410
115
663
970
223
51
588
103
580
835
484
40
720
364
892
291
198
663
890
449
797
38
74
694
5
491
314
559
670
328
843
354
415
401
664
29
457
194
736
949
539
773
920
137
631
850
749
344
803
753
501
767
263
943
189
738
25
669
663
16
308
392
518
103
775
626
187
749
298
180
109
343
919
833
586
503
82
562
936
4
502
104
315
588
531
721
185
121
272
494
926
333
635
197
472
234
523
792
605
370
501
349
730
396
279
962
652
296
630
182
569
419
970
131
359
623
666
216
292
743
552
752
7
386
195
421
288
617
809
171
646
591
