50
200
949
126
262
553
251
181
999
253
754
495
506
847
876
525
282
639
722
340
511
416
760
70
231
839
303
822
566
510
225
243
317
778
235
542
139
771
795
537
973
603
790
3
921
531
108
716
599
395
898
770
973
643
256
34
774
115
826
808
192
215
669
84
840
826
235
188
334
694
271
269
76
492
968
120
569
373
238
486
1
38
700
551
573
729
341
309
752
202
128
814
389
82
784
508
235
791
360
893
742
169
579
142
74
90
256
124
67
453
212
723
441
174
64
484
901
263
630
240
570
537
386
1
787
167
819
203
980
971
738
62
810
909
113
909
563
371
612
663
379
29
306
353
2
550
428
548
441
513
997
766
345
567
122
426
880
65
792
715
8
276
614
700
576
107
362
848
159
545
317
697
113
699
842
718
639
384
718
287
591
128
190
759
112
345
381
904
230
147
322
306
720
639
151
657
16
80
637
379
728
276
