50
200
773
169
190
235
474
557
264
548
336
308
623
381
63
187
832
938
646
927
423
843
79
76
946
624
517
602
877
384
646
127
577
467
55
67
616
786
244
73
204
884
707
553
15
85
774
39
558
414
473
8
878
185
879
583
421
793
962
327
482
998
316
529
157
65
790
65
906
47
896
865
888
825
790
327
786
676
244
194
422
279
84
71
491
340
123
795
381
686
173
87
6
556
29
265
552
428
444
627
611
204
714
189
151
426
507
765
723
325
405
420
8
993
994
824
72
375
686
398
170
676
797
974
451
318
543
246
553
698
656
613
22
597
311
118
78
179
99
942
226
850
438
521
267
343
384
996
200
212
708
409
159
1000
774
23
746
169
524
900
643
707
850
15
652
469
618
652
215
707
794
121
368
535
149
190
717
920
145
372
225
448
39
808
181
326
226
103
148
956
316
226
296
678
927
687
310
740
570
479
86
656
