50
200
919
823
615
250
715
633
212
313
975
846
482
760
869
909
933
749
631
352
321
232
908
357
510
794
643
81
100
894
136
142
821
693
670
802
92
253
861
70
955
185
436
166
357
312
243
449
682
644
790
606
581
443
840
705
825
869
300
51
455
928
463
116
750
893
458
390
287
827
639
589
852
891
997
343
940
68
342
947
310
679
945
137
88
501
392
349
385
520
148
135
289
173
775
994
805
193
908
981
180
939
851
353
523
246
795
758
981
203
833
495
410
262
932
227
660
456
690
188
883
456
468
386
219
241
750
757
674
55
875
41
750
528
825
825
764
982
941
854
945
786
607
201
703
99
65
147
52
607
870
128
398
75
424
527
489
9
215
766
242
781
531
188
820
71
998
629
527
979
713
610
959
617
281
18
614
968
449
154
587
443
656
543
683
410
741
922
402
590
678
191
775
168
162
319
531
134
775
744
273
280
