50
200
680
38
576
424
609
703
107
82
959
650
835
305
413
980
725
254
200
864
677
240
24
958
324
981
28
567
709
581
326
890
87
887
685
98
348
691
124
508
209
33
928
543
886
316
828
71
975
114
912
296
546
514
310
759
589
678
696
753
156
919
305
185
743
69
539
814
592
487
736
519
620
814
778
733
359
990
941
609
212
659
733
838
389
601
641
818
467
799
986
855
460
592
918
159
164
605
215
666
112
654
521
818
163
486
154
2
888
571
744
554
707
482
357
687
198
207
368
730
877
681
274
675
125
577
163
505
536
372
58
979
125
173
789
817
265
517
411
921
150
545
256
240
685
834
480
806
350
683
256
353
534
270
203
543
869
366
440
905
261
499
654
208
383
643
784
678
833
601
208
301
95
133
104
41
417
468
11
686
150
440
410
132
948
570
630
932
336
397
222
500
57
237
561
348
256
311
136
741
795
11
