50
200
876
941
396
887
377
622
322
272
417
740
623
33
829
392
323
494
374
13
394
9
736
865
21
974
541
378
97
484
403
554
440
201
808
363
827
446
72
207
756
549
529
806
99
303
642
869
290
340
352
538
949
570
333
860
282
419
14
187
317
514
394
271
269
372
837
170
897
135
705
223
419
460
175
415
654
799
717
636
31
659
337
265
612
132
282
55
842
582
512
501
71
424
570
733
513
762
847
138
399
917
907
440
329
233
684
1000
243
94
256
228
991
107
621
504
962
680
537
779
146
639
350
473
871
138
399
443
423
412
893
705
198
705
877
938
265
374
13
407
973
227
482
660
805
128
438
922
866
300
673
445
683
315
996
785
444
827
790
911
701
705
697
734
976
501
984
107
86
126
975
499
519
528
341
608
622
629
656
675
44
937
688
663
210
298
178
805
989
881
348
108
759
376
108
26
64
854
439
252
38
18
