50
200
821
673
524
436
69
864
502
665
937
464
628
405
586
446
913
456
722
531
711
300
295
788
144
655
961
417
930
469
858
661
390
172
670
958
748
166
454
147
951
472
604
81
354
723
102
4
341
858
931
583
174
919
407
689
865
242
369
199
516
896
473
385
981
750
386
815
787
715
460
292
775
604
502
114
738
420
899
935
30
151
292
844
325
601
827
378
980
314
620
860
242
933
283
130
265
427
267
641
769
554
353
856
325
734
820
26
228
259
589
744
543
62
106
197
127
835
563
779
928
573
88
825
623
613
189
628
227
445
392
853
326
825
736
292
561
418
834
272
395
341
106
269
235
618
712
337
991
657
430
673
510
754
986
878
176
71
918
822
662
634
520
59
501
758
785
452
392
571
196
805
26
777
649
469
168
302
732
523
981
747
851
364
471
651
822
593
173
208
592
334
634
767
323
748
76
497
554
299
153
415
