50
200
758
472
682
647
432
406
312
552
824
169
669
454
213
647
928
769
651
867
455
727
255
423
665
469
267
566
100
932
525
150
907
406
290
998
863
91
640
715
34
657
465
404
694
584
172
290
652
844
564
63
137
622
668
472
108
938
603
504
737
535
683
892
245
343
209
828
447
605
636
722
425
40
336
690
597
284
283
806
207
817
996
900
191
630
296
447
950
606
792
46
87
966
466
632
733
14
984
797
400
883
269
957
977
72
84
107
702
962
287
593
751
896
196
855
199
717
392
519
475
831
252
636
466
78
490
17
608
789
154
711
693
928
305
67
517
648
466
468
168
233
290
20
828
386
464
307
1
475
750
900
66
906
397
181
606
725
721
18
375
253
353
319
105
318
217
702
598
195
705
915
25
120
601
826
318
686
860
897
689
147
539
62
719
907
821
252
359
554
690
270
712
680
579
555
412
529
31
285
93
812
