50
200
657
783
206
864
615
69
782
885
104
369
511
263
768
335
943
399
567
870
432
644
460
68
251
450
470
433
646
987
684
384
688
414
922
589
390
835
973
133
795
852
142
551
757
136
760
972
307
990
132
688
933
159
118
374
309
83
239
150
36
426
173
462
355
771
34
909
506
721
376
926
115
877
756
920
492
159
394
490
313
811
360
99
714
451
857
143
733
654
951
112
491
314
233
655
166
551
232
29
142
834
479
557
409
187
962
351
533
723
767
328
951
170
193
446
956
704
819
263
952
735
886
425
560
932
543
305
293
675
429
246
513
372
382
428
643
261
122
299
32
254
135
646
286
599
193
919
119
174
668
869
168
303
99
532
649
309
433
714
162
445
602
165
728
209
699
570
911
4
376
582
758
860
593
873
724
989
389
936
445
131
170
707
450
916
353
387
512
595
747
971
340
862
271
126
734
359
600
557
580
782
