50
200
975
384
376
236
542
843
231
202
457
247
452
195
838
625
666
152
874
947
659
182
376
651
818
717
235
342
215
458
615
819
250
489
545
177
344
302
909
920
26
103
943
643
230
616
723
317
13
900
972
999
198
803
734
900
300
997
154
862
67
661
227
18
128
74
788
324
181
304
426
666
915
176
311
796
107
145
503
562
643
363
683
458
770
640
887
918
662
232
35
351
422
674
181
287
309
248
206
883
720
197
842
618
613
917
304
593
928
554
39
629
475
324
500
547
488
569
820
117
750
873
233
665
335
838
224
100
604
691
216
872
98
969
355
861
824
876
992
695
395
682
659
208
958
92
508
144
995
562
433
508
672
737
943
662
44
885
449
250
418
997
882
574
554
689
576
461
303
647
403
494
282
68
506
415
489
103
772
79
204
984
107
60
294
731
981
505
783
824
442
550
706
408
788
277
515
841
960
706
55
922
