50
200
530
104
119
390
112
412
721
795
643
703
342
158
747
252
479
304
757
840
827
612
814
702
154
858
92
614
314
283
625
328
292
448
968
226
11
241
857
963
281
2
971
470
750
398
294
644
784
706
285
987
447
306
823
331
667
625
695
92
711
791
178
458
600
770
544
397
839
634
587
867
736
882
57
813
649
728
658
662
911
658
170
194
259
669
449
624
45
165
229
469
615
115
634
392
173
986
990
571
762
97
623
822
432
106
360
294
500
520
334
406
538
217
794
402
185
768
812
443
465
736
90
457
589
400
232
867
651
419
688
68
902
347
885
455
2
69
824
735
473
230
666
425
523
344
317
942
167
828
221
650
592
380
913
28
213
386
69
755
48
757
873
284
697
147
970
450
8
126
309
238
923
420
527
566
601
603
971
932
988
911
518
75
477
133
819
824
461
133
347
951
938
607
115
889
541
988
706
522
792
962
