50
200
403
264
871
570
68
50
798
781
758
97
181
913
140
68
630
836
407
944
792
676
41
359
364
506
579
559
560
41
953
61
746
675
88
356
224
644
759
966
645
714
783
635
368
58
840
167
842
907
890
110
853
797
903
271
582
709
279
310
914
686
769
533
696
630
808
81
363
311
391
491
80
170
198
798
800
669
114
425
769
329
897
636
645
352
341
441
850
314
675
228
486
223
470
782
275
438
270
824
645
161
560
564
720
708
337
143
872
830
717
93
121
736
800
15
879
323
352
328
778
338
875
148
575
65
510
806
174
927
189
79
390
923
640
622
930
73
412
950
151
735
140
640
595
169
133
649
811
131
868
477
292
190
659
999
300
416
549
269
605
834
796
340
75
762
843
288
181
575
823
325
556
614
672
783
363
258
492
477
801
565
644
88
631
50
175
562
63
209
110
255
694
234
481
516
264
153
671
168
496
368
