50
200
284
819
167
783
307
54
327
270
955
811
127
557
915
343
428
313
260
841
528
114
171
117
186
959
866
674
980
483
574
962
792
507
689
885
207
405
770
904
183
732
880
438
574
747
178
616
250
415
197
164
492
123
619
674
42
976
618
259
463
963
794
126
716
669
529
436
493
335
624
67
418
827
914
801
939
62
751
760
337
786
874
776
273
717
964
693
485
41
67
448
733
269
314
782
916
219
188
758
220
183
503
209
740
259
454
522
795
347
594
883
824
619
505
661
83
908
116
361
226
44
229
147
402
402
696
77
804
510
831
96
418
801
347
271
667
152
863
184
44
895
887
240
995
601
188
849
906
565
257
132
7
790
487
760
676
432
210
466
376
97
996
419
277
328
618
230
469
835
693
903
388
729
461
154
574
102
278
546
604
569
490
691
170
161
589
899
307
684
526
327
378
376
712
24
117
974
611
25
243
688
