50
200
259
288
284
509
694
697
909
285
490
314
169
262
189
760
869
752
759
80
615
859
186
281
941
750
285
745
226
457
761
25
953
708
359
433
58
163
741
361
325
333
676
89
458
623
20
844
523
325
341
575
651
308
9
102
777
644
34
760
882
203
305
228
447
740
275
952
826
245
501
472
137
782
329
720
315
315
144
200
432
679
681
137
5
40
717
9
715
145
214
833
851
54
511
473
370
515
745
789
970
67
413
368
359
819
379
791
882
559
302
383
617
923
664
828
163
941
238
269
396
283
426
66
575
32
426
111
625
427
33
843
275
375
128
620
244
950
380
256
888
372
850
529
844
372
147
640
131
329
973
27
844
718
166
227
293
310
721
945
843
720
22
163
238
902
283
391
107
355
476
333
82
366
276
595
462
725
850
990
39
970
555
653
706
269
807
590
261
245
355
624
363
362
191
564
458
166
571
164
987
328
