50
200
525
435
272
887
421
255
480
651
73
272
907
524
405
973
161
801
977
688
699
86
372
518
835
8
61
460
280
698
608
163
218
550
724
172
294
810
200
459
775
772
935
518
894
253
403
499
534
852
190
434
210
732
875
152
507
494
627
113
855
704
843
420
816
554
461
86
309
13
170
590
67
286
408
792
254
194
478
500
386
271
327
794
444
225
590
783
369
473
629
452
35
401
265
383
237
652
134
570
598
549
633
79
139
692
940
726
245
617
869
729
721
668
918
307
553
217
722
966
411
148
282
717
169
336
948
81
809
667
930
997
557
831
578
114
584
728
14
730
745
592
308
646
599
639
812
142
251
950
877
687
696
229
361
439
892
379
237
356
840
835
991
688
348
112
79
987
869
144
535
134
446
73
818
769
989
228
326
842
394
202
22
837
259
420
411
806
651
614
220
172
451
908
263
137
86
923
677
17
166
203
