50
200
134
743
651
214
925
761
233
76
489
579
786
955
13
732
66
570
244
532
491
732
220
200
630
670
762
596
718
264
169
964
389
222
140
564
945
311
654
654
380
965
452
1
565
70
787
982
720
610
31
420
175
416
984
819
898
801
460
827
551
199
350
907
142
815
84
899
498
428
136
431
608
782
340
186
812
957
852
417
769
231
459
310
288
856
444
435
710
772
544
510
846
482
282
601
722
450
628
666
245
578
861
600
159
619
331
222
923
509
339
511
269
425
413
16
235
597
146
506
786
559
930
395
261
524
906
54
744
590
598
155
277
96
495
49
18
963
515
599
915
249
209
54
626
443
52
221
367
483
256
6
903
299
417
987
744
106
888
978
655
238
428
390
216
405
471
230
51
43
784
975
221
618
82
115
463
316
861
52
230
540
10
86
868
58
455
715
416
991
729
874
371
315
307
159
214
392
141
343
70
416
