50
200
935
995
820
100
64
699
485
402
688
176
357
125
960
127
631
89
484
344
182
793
487
521
180
849
139
172
379
368
778
7
317
166
784
166
892
252
834
100
899
291
52
460
459
557
675
851
688
645
47
510
507
426
467
160
146
797
648
673
723
479
579
955
1000
921
531
895
831
652
104
754
390
572
873
41
897
125
444
29
211
521
905
696
702
638
102
994
319
918
866
395
593
726
488
617
588
857
854
473
233
427
328
161
747
77
939
128
926
927
197
933
701
802
893
575
188
106
67
401
294
576
76
530
720
118
186
906
257
206
937
40
134
36
894
157
713
70
698
117
289
505
635
865
892
326
728
802
477
801
393
778
40
453
729
264
530
268
938
205
574
59
318
843
481
813
228
794
552
250
857
776
389
70
920
709
266
3
713
767
644
839
677
38
206
239
157
513
631
521
203
117
112
202
48
718
935
634
699
145
409
182
