50
200
191
810
658
79
661
311
618
562
622
186
801
155
534
589
203
166
468
947
693
387
766
939
117
419
719
788
911
838
970
861
315
43
444
248
17
541
603
283
303
785
91
486
74
619
704
554
448
900
654
516
707
710
795
601
998
946
547
626
700
710
568
281
515
997
670
216
976
768
608
794
735
161
630
529
16
306
453
984
432
626
345
288
695
406
455
672
600
347
402
787
924
571
685
628
322
843
626
203
220
630
354
182
886
140
321
654
928
748
272
748
736
958
658
864
889
837
92
78
180
822
811
212
693
108
952
24
165
278
209
379
939
847
580
81
987
776
646
31
539
7
383
970
670
892
693
198
965
168
106
746
407
114
427
675
401
559
121
160
619
802
769
146
91
14
726
809
588
68
130
572
623
591
727
145
894
956
558
58
772
238
881
823
939
570
46
886
7
178
916
973
46
24
273
920
350
912
573
816
664
585
