50
200
127
869
852
437
364
670
75
57
824
825
336
651
379
229
88
506
522
237
673
298
270
135
662
560
81
573
556
946
950
460
258
25
99
740
45
294
27
534
380
265
564
37
346
462
124
14
286
836
209
452
832
938
599
640
427
27
153
513
922
464
804
776
964
108
172
778
165
225
731
788
114
955
901
938
874
483
111
174
643
932
880
433
834
151
118
477
348
10
254
193
190
319
143
451
467
650
646
746
679
50
814
265
4
582
594
385
92
477
315
288
418
644
767
572
376
928
237
443
431
772
517
347
678
477
958
845
719
97
996
735
138
194
99
825
865
909
994
128
18
506
598
690
226
474
410
183
623
589
729
402
791
923
743
385
231
183
108
414
270
247
257
566
355
898
385
1000
491
650
884
50
20
65
346
266
537
126
628
440
958
718
937
332
848
368
565
822
963
606
315
924
352
169
782
960
775
997
990
722
395
164
