50
200
165
72
333
820
603
802
375
294
138
243
441
676
420
150
431
910
85
103
188
516
408
583
860
229
147
311
385
343
617
526
473
971
889
22
481
609
484
857
664
786
546
222
315
593
493
961
962
653
963
886
641
816
951
156
534
261
581
918
853
66
924
776
767
934
336
210
30
116
88
733
986
166
814
955
986
677
412
181
385
373
17
107
652
783
684
807
654
798
923
759
812
121
698
117
34
370
529
563
391
696
431
934
149
386
423
962
288
226
351
79
91
995
950
344
473
845
962
466
142
664
884
685
725
901
305
498
879
972
957
306
480
96
394
924
55
442
499
14
323
595
165
576
138
153
170
614
955
327
777
331
899
825
563
551
14
486
596
281
530
237
637
376
504
291
522
821
144
386
313
527
27
827
35
721
177
652
674
197
530
218
775
796
943
921
967
17
762
879
172
35
93
498
549
90
478
647
884
949
932
720
