50
200
664
819
121
216
347
111
285
186
761
989
289
493
466
179
970
243
572
757
815
812
229
281
721
731
294
809
213
101
43
645
298
813
408
738
798
662
831
616
17
616
223
921
739
581
104
886
266
976
692
468
849
541
536
774
449
34
594
30
664
751
970
806
864
340
755
282
547
333
114
889
402
979
976
264
207
667
675
401
496
718
957
12
239
393
137
625
576
111
440
985
474
448
640
89
799
616
403
753
60
118
503
907
992
92
308
4
425
617
422
744
944
983
617
969
680
24
648
98
40
949
177
843
261
572
300
118
837
619
714
334
558
820
638
149
91
500
526
801
859
787
631
308
359
183
584
670
268
110
93
267
841
925
189
951
655
417
302
274
263
231
542
884
667
266
741
885
27
957
902
868
464
747
405
197
425
963
195
290
308
602
858
969
575
623
733
351
861
343
795
585
526
564
39
331
91
52
262
463
605
40
