50
200
11
340
998
502
375
865
498
494
51
258
541
422
263
843
144
589
206
352
456
216
592
791
1000
250
312
743
570
684
689
897
526
886
337
977
810
394
815
110
629
785
776
596
841
926
469
614
484
333
448
833
427
260
592
442
461
754
891
468
553
119
682
214
755
450
221
19
271
123
701
495
1
444
568
323
34
267
803
398
752
94
934
648
704
657
296
51
765
18
816
952
170
592
666
168
148
302
351
984
261
831
608
185
56
553
721
959
894
432
72
530
378
502
168
337
557
989
517
550
840
687
664
265
599
656
153
624
196
634
542
931
147
388
170
474
817
607
645
799
179
52
182
656
229
820
1
249
775
270
516
418
226
770
601
273
49
37
816
761
861
971
100
70
448
821
778
498
925
271
441
878
971
899
374
113
789
903
304
699
781
390
733
598
220
331
386
620
100
501
43
220
191
879
205
711
527
333
489
307
843
675
