50
200
782
465
757
86
948
207
289
133
22
970
36
189
271
70
42
840
101
76
279
764
622
422
527
173
211
624
274
686
176
464
528
321
65
612
235
969
771
659
354
761
88
933
763
471
322
825
368
106
10
686
215
12
951
988
504
322
221
687
229
924
417
774
396
620
373
515
627
143
103
867
126
996
32
913
54
417
867
610
875
778
773
338
61
945
289
744
251
671
33
452
30
682
917
833
545
102
376
302
21
302
934
370
133
745
449
298
943
909
485
979
21
327
73
144
128
562
359
373
611
149
243
949
191
301
108
619
392
359
291
994
778
818
753
50
109
462
79
893
861
599
303
831
894
45
354
695
979
214
680
403
398
277
346
144
594
139
358
468
550
645
65
839
288
964
521
745
649
393
742
137
527
13
517
115
521
696
728
329
939
262
142
609
743
714
756
134
732
173
438
459
345
898
961
39
901
558
990
26
212
527
