50
200
162
484
833
35
729
345
156
844
489
403
67
154
403
145
683
585
266
661
219
775
719
379
467
931
928
159
680
405
690
401
816
679
683
15
534
354
817
819
919
591
359
764
782
786
273
595
198
304
480
220
231
197
894
777
121
675
7
437
414
220
623
370
955
826
731
490
563
486
127
968
556
605
207
605
454
925
527
497
373
48
925
435
789
207
174
13
268
507
305
765
615
445
576
899
737
161
333
742
974
862
627
920
276
983
941
829
829
104
6
691
402
399
832
128
300
52
549
988
975
148
248
989
211
582
885
671
502
603
521
728
794
419
885
974
233
657
39
472
520
840
737
836
228
309
442
139
478
162
251
174
437
703
603
163
210
987
930
447
305
215
932
322
823
46
764
323
965
778
826
507
767
358
453
792
862
661
564
540
874
939
767
964
624
448
873
520
188
989
457
557
241
591
23
653
892
456
377
627
88
828
