50
200
454
357
360
171
961
454
596
290
956
747
687
208
141
427
205
18
943
519
346
377
124
181
204
466
463
666
174
233
928
342
993
433
182
958
837
438
718
261
966
677
442
52
998
286
108
230
437
126
35
826
821
482
607
536
458
811
573
792
317
87
265
472
34
934
274
438
819
735
288
755
168
683
565
804
363
570
567
691
497
938
988
66
663
435
430
506
739
920
311
750
392
597
782
330
463
828
475
671
888
793
501
28
635
852
484
230
238
954
376
709
987
603
757
59
655
103
307
462
5
897
151
880
771
654
897
98
945
587
279
768
580
388
527
8
346
285
779
132
976
584
95
856
525
411
897
918
469
385
413
292
202
438
540
503
90
981
203
938
947
958
640
988
644
904
655
169
290
373
126
697
723
813
905
253
730
87
19
875
165
976
324
307
354
360
851
892
452
265
290
118
154
654
306
29
694
992
206
6
845
741
