50
200
525
671
35
148
215
826
470
900
938
514
809
271
345
833
947
699
77
992
517
662
868
131
332
247
204
590
426
767
769
140
645
826
90
904
520
152
346
34
340
213
562
345
369
127
382
387
302
430
912
426
229
722
999
572
710
760
625
99
174
99
61
152
712
575
424
582
946
423
779
771
521
230
906
481
830
348
869
90
214
890
10
954
746
116
157
220
448
100
394
788
312
193
663
520
504
22
493
568
569
933
191
551
901
92
323
962
600
223
619
575
448
935
527
939
295
945
304
830
708
282
560
132
670
311
658
986
475
961
814
86
341
181
344
70
902
267
441
393
673
249
327
456
208
672
44
368
588
726
474
466
448
162
946
182
808
220
40
528
458
443
386
960
38
179
514
170
709
965
839
838
159
270
371
257
80
895
242
400
877
690
688
479
900
210
859
625
300
557
422
365
315
551
499
297
152
403
284
301
543
817
