50
200
308
361
774
72
876
929
987
972
137
493
436
915
45
492
174
639
837
903
492
873
791
558
797
856
372
251
755
904
408
373
588
946
274
535
224
361
274
818
141
147
787
861
906
129
267
63
540
168
23
681
651
105
123
647
335
611
554
43
328
251
610
566
94
407
702
608
593
219
257
69
928
782
389
572
238
440
996
990
843
878
862
343
103
622
215
251
957
221
393
352
684
758
254
818
542
248
485
457
326
552
709
828
825
846
818
463
709
67
20
123
568
815
9
333
970
91
213
891
289
287
87
962
254
771
366
421
687
170
713
352
606
800
792
470
637
661
540
235
947
577
627
470
137
276
392
149
831
696
791
4
525
252
967
291
337
993
821
522
619
967
309
604
422
351
882
713
622
253
748
354
782
305
286
846
996
440
510
957
624
134
712
459
155
716
810
784
845
675
709
420
526
857
314
182
250
110
485
297
804
506
