50
200
461
929
278
434
238
870
376
249
902
866
827
967
752
849
347
325
496
404
784
809
523
401
250
918
705
671
626
795
953
914
494
689
878
619
135
216
994
714
305
767
747
726
649
624
336
706
821
399
173
763
66
71
316
729
889
182
901
48
476
626
795
352
9
717
641
809
525
154
605
316
978
540
588
479
391
711
500
868
987
807
440
997
597
949
677
430
803
856
431
457
66
135
968
31
995
259
74
553
941
150
797
241
74
288
789
922
226
640
129
776
196
522
703
285
214
933
916
586
458
817
747
297
189
19
286
505
604
335
899
935
780
509
27
708
745
403
530
396
384
185
395
504
604
75
742
707
608
322
36
369
128
323
660
188
576
909
242
216
770
601
660
832
398
522
243
761
88
647
269
12
739
280
822
839
655
411
428
93
834
144
212
445
214
586
200
198
764
450
451
292
47
941
871
720
573
19
153
807
125
797
