50
200
613
74
653
865
563
300
66
322
851
912
814
479
295
286
949
267
539
621
312
150
124
193
960
124
750
729
120
670
679
520
397
25
899
927
616
35
17
387
446
605
722
812
32
878
841
350
365
245
61
207
181
860
579
147
2
213
821
585
96
652
77
141
160
871
198
581
656
841
60
315
537
782
410
207
556
459
212
253
6
627
423
898
511
725
504
111
227
37
706
955
571
364
451
639
929
320
457
4
293
630
220
420
168
6
448
828
297
774
548
264
395
338
687
568
110
106
341
8
256
391
63
801
93
618
560
263
797
597
3
73
663
228
305
499
559
863
440
443
230
961
862
888
483
22
466
136
479
675
935
352
21
639
797
281
662
150
893
636
65
536
162
771
28
873
319
745
218
383
587
955
71
708
989
715
933
884
504
553
76
563
333
286
802
557
852
720
970
522
28
975
107
143
179
595
677
386
576
247
90
347
