50
200
475
458
404
306
618
928
401
878
971
308
232
887
947
816
341
111
87
841
447
306
640
892
323
439
165
4
791
721
507
67
31
555
729
874
704
711
244
976
783
379
676
83
334
899
572
467
24
583
608
278
612
856
675
822
172
8
662
326
269
298
469
826
267
329
670
493
933
866
158
272
917
304
24
849
659
73
307
927
777
561
544
852
879
781
983
982
663
497
30
631
621
50
528
94
795
230
554
351
239
144
358
896
407
843
852
556
271
142
533
164
489
782
45
931
733
775
681
822
595
783
14
208
857
118
642
688
854
903
176
417
940
182
266
35
192
89
784
172
351
2
887
962
972
503
524
350
499
984
843
448
114
715
802
583
788
64
135
17
384
261
664
362
190
152
550
148
659
192
86
340
344
23
354
253
603
159
712
163
398
104
616
115
59
194
368
877
315
13
319
321
651
447
867
919
374
247
537
50
719
114
