50
200
488
547
987
743
200
75
375
530
312
759
651
188
559
228
62
513
252
541
593
750
629
712
775
202
107
925
581
813
474
345
512
343
391
334
338
991
118
547
219
653
388
920
585
699
915
953
68
346
468
665
197
122
950
972
193
764
719
945
106
173
292
397
266
96
56
149
921
741
600
256
461
572
398
595
415
739
513
135
593
701
45
406
802
529
358
989
548
646
756
307
162
496
247
334
292
790
196
331
493
832
185
307
556
758
839
641
917
523
261
256
797
550
610
30
19
814
894
691
857
227
184
895
885
638
314
5
189
984
826
957
48
484
813
244
731
674
988
168
599
924
342
983
257
483
159
849
502
335
965
332
358
19
250
792
731
712
868
791
262
318
929
903
623
471
682
312
857
372
276
561
965
767
32
721
933
229
624
515
721
657
140
132
718
421
835
700
50
80
191
501
327
285
979
30
692
885
820
55
209
132
