50
200
728
909
858
129
112
932
538
439
197
532
845
848
484
664
770
97
605
169
528
578
7
319
475
890
610
262
885
581
471
916
983
80
898
929
328
959
822
445
997
97
849
582
818
430
745
486
592
191
625
315
231
964
399
557
171
297
506
500
652
170
119
212
414
341
941
340
514
889
97
83
190
705
27
431
336
130
109
679
827
939
762
745
263
978
288
516
151
569
244
613
317
577
368
708
958
275
785
133
661
157
655
617
648
781
964
814
96
109
71
371
878
185
241
931
827
987
488
614
938
225
170
643
901
545
221
84
430
17
561
212
381
112
943
459
638
580
726
775
745
86
168
606
380
696
203
273
363
767
978
469
868
177
102
869
496
207
867
379
52
771
183
629
204
47
399
596
333
212
461
424
965
158
79
494
742
589
449
588
982
788
613
1
975
383
226
548
388
197
760
471
561
758
784
42
332
759
786
712
107
309
