50
200
242
309
734
65
705
830
947
430
915
453
253
254
83
587
170
856
7
229
211
190
136
899
278
377
493
655
309
674
737
150
704
640
137
589
434
824
935
771
56
888
38
650
400
400
773
856
453
127
292
680
977
751
631
435
199
183
665
660
102
186
15
954
493
569
850
299
931
568
22
764
423
528
532
855
330
286
80
396
596
737
607
347
1000
443
850
503
101
969
605
812
529
890
956
802
417
94
221
570
127
533
833
108
149
517
164
904
488
734
781
906
56
334
926
879
856
490
928
391
89
537
317
370
624
835
19
284
36
458
612
668
247
428
120
811
98
617
987
99
70
558
191
163
426
6
575
77
754
718
196
288
15
890
594
24
82
335
63
23
319
81
262
917
525
16
374
340
591
442
67
71
517
2
80
282
122
102
6
691
746
622
741
746
250
656
555
220
568
417
817
211
717
44
288
509
727
205
613
907
912
373
