50
200
482
693
209
165
771
383
937
301
831
458
55
299
979
240
480
715
413
268
450
440
877
206
840
922
750
901
470
324
318
51
680
237
241
370
869
824
203
193
364
452
617
488
758
215
582
786
809
373
636
501
815
556
681
137
451
766
688
993
2
745
637
309
886
345
52
932
826
283
86
795
135
498
556
69
169
227
926
412
105
194
401
823
928
492
454
680
49
27
650
328
604
941
840
68
225
230
250
296
347
784
710
565
990
77
691
259
957
507
385
151
199
478
954
154
818
348
284
438
910
717
617
848
872
431
899
981
20
180
79
747
444
839
578
611
128
468
301
765
742
573
712
873
450
32
517
838
893
877
845
462
990
445
959
664
741
8
656
886
722
260
790
482
252
392
472
394
49
406
441
257
89
519
261
472
26
349
305
43
400
738
185
297
411
784
8
112
635
896
662
441
507
757
798
574
280
628
452
812
656
600
