50
200
527
427
50
740
984
217
981
526
494
802
130
400
812
283
204
838
862
442
486
734
282
537
179
837
947
791
22
538
100
665
892
75
473
587
247
449
617
296
264
541
298
735
873
599
444
688
33
990
250
950
120
949
842
197
384
597
118
179
592
777
538
326
682
467
411
477
32
795
572
197
523
802
275
774
942
527
169
645
958
82
226
445
16
569
506
661
960
906
340
970
930
468
766
817
748
311
979
606
427
562
243
153
455
58
252
772
600
115
433
278
521
112
876
643
482
557
939
914
705
591
975
705
348
814
792
99
581
691
896
71
888
6
704
843
597
427
248
973
489
452
244
388
627
266
315
586
175
47
691
633
336
442
732
851
604
439
60
318
900
800
909
499
215
986
623
257
220
914
772
55
436
348
872
508
333
916
622
233
145
432
213
422
736
155
616
63
507
189
725
327
711
101
965
290
295
63
474
643
172
231
