50
200
745
418
231
545
173
477
1000
4
696
492
213
843
697
361
808
84
565
297
716
466
964
772
469
978
354
753
122
374
572
810
659
101
880
559
563
280
110
349
426
188
158
799
520
139
483
399
935
500
810
349
768
188
136
749
51
358
112
491
120
748
776
832
365
658
485
784
23
404
622
18
290
803
365
252
676
391
809
518
566
236
608
541
603
547
25
102
755
431
732
966
634
163
740
316
653
791
358
274
52
25
907
802
742
347
880
403
648
470
830
997
163
91
570
694
162
822
425
32
113
215
854
395
525
872
108
777
35
994
735
213
48
352
854
778
370
425
266
766
953
120
866
233
560
67
310
445
967
393
32
355
720
103
236
632
93
100
416
76
848
93
558
713
11
111
632
74
254
691
380
620
329
467
810
532
184
985
32
975
427
949
413
369
930
312
851
598
177
843
17
40
499
15
124
150
2
791
600
84
621
280
