50
200
980
985
784
371
156
325
153
632
79
178
833
281
690
185
38
738
276
177
348
107
507
292
619
394
992
720
678
223
893
771
596
3
684
417
585
815
494
700
761
20
200
45
516
161
690
959
943
96
350
198
733
454
188
420
157
120
95
229
452
539
955
717
544
89
629
313
572
628
681
88
426
414
681
861
69
844
678
11
298
991
324
992
650
603
403
365
359
750
899
277
239
251
537
894
380
12
623
113
329
667
20
222
658
721
533
273
489
751
341
880
969
9
399
234
745
78
605
368
970
333
368
875
781
138
715
898
290
938
551
161
396
478
423
55
103
181
943
317
467
593
823
845
470
748
867
669
100
145
715
250
651
625
600
938
335
975
942
659
189
112
334
973
156
866
594
403
862
736
129
976
326
359
30
350
446
52
688
190
505
620
786
695
291
768
803
917
808
652
848
416
269
920
851
500
591
447
866
726
690
301
