50
200
718
277
143
266
101
562
513
789
533
69
901
241
72
216
687
389
112
735
28
804
991
792
138
154
885
200
797
346
657
975
363
479
686
123
417
361
327
665
643
802
770
913
93
442
899
64
421
740
717
63
487
512
356
759
659
371
331
950
575
828
231
208
394
483
668
747
273
577
182
363
860
771
851
52
556
361
120
567
241
343
885
910
539
737
600
50
212
270
928
981
934
502
747
113
912
401
857
528
17
768
973
62
134
821
587
852
824
12
907
694
557
417
546
563
172
272
977
155
433
298
898
462
324
566
791
258
236
216
438
222
237
456
899
696
108
287
692
223
687
923
606
759
878
708
770
247
892
700
322
192
692
434
717
106
890
303
601
200
54
475
617
183
610
644
344
309
290
113
163
213
65
867
480
399
150
880
912
787
143
400
806
472
939
163
286
356
285
888
776
920
930
215
678
22
922
686
93
854
257
108
