50
200
62
272
509
364
298
903
826
826
249
872
259
894
992
739
996
845
35
894
120
984
661
748
877
934
656
242
749
225
750
42
144
445
495
89
409
969
643
152
282
522
174
819
953
736
193
229
66
170
657
317
60
371
691
270
679
911
87
869
203
928
149
228
698
357
922
654
707
727
391
277
630
924
901
414
357
899
706
999
817
971
975
816
579
283
236
856
390
432
419
288
491
642
956
601
614
405
2
632
375
197
469
596
984
268
182
744
440
752
36
161
658
890
157
788
144
435
780
408
721
755
386
411
74
946
866
908
614
71
213
250
812
897
948
582
249
263
5
888
242
496
807
500
374
123
376
601
704
486
77
620
750
136
751
807
499
592
601
697
714
288
17
251
211
339
914
341
571
183
172
925
32
180
873
472
465
624
594
737
244
144
690
582
624
635
44
528
166
254
536
559
437
39
451
54
525
242
446
451
216
643
