50
200
624
86
334
729
64
258
307
257
496
396
881
863
793
759
195
215
70
217
721
327
655
253
177
339
762
647
54
511
701
991
786
341
55
404
172
99
77
707
637
275
752
789
352
892
290
767
186
169
693
55
935
584
513
368
490
95
222
615
77
952
112
856
615
293
666
385
477
380
692
321
869
306
529
241
254
592
988
54
495
415
797
644
401
900
75
345
609
948
811
910
761
850
330
423
252
426
368
794
234
738
226
191
557
707
140
761
751
79
657
740
3
489
482
37
837
288
858
242
568
910
904
947
565
271
741
929
323
674
312
76
213
556
521
784
774
656
475
839
311
80
823
553
239
365
981
142
763
179
874
859
27
122
122
562
621
696
253
997
224
561
951
370
513
136
625
650
200
75
648
140
770
236
323
99
403
688
793
425
904
961
292
242
577
663
808
691
571
296
20
728
625
126
659
382
77
147
240
233
825
158
