50
200
806
493
956
498
59
556
613
13
270
483
19
262
89
584
940
116
568
29
851
686
990
637
701
977
796
316
328
307
975
638
75
281
601
500
434
19
96
636
991
937
363
254
698
433
324
530
49
152
758
309
592
661
18
640
866
550
881
652
275
770
537
970
18
829
516
300
691
395
447
455
701
674
152
115
581
839
493
853
153
976
997
453
851
686
57
498
1
699
86
503
927
485
764
728
597
815
917
303
817
80
204
604
760
71
464
856
309
963
711
133
148
216
892
582
651
117
971
834
309
317
549
229
296
567
903
141
284
332
981
719
392
608
289
317
529
469
938
655
133
77
587
761
431
577
506
146
929
476
620
471
416
772
411
550
221
677
2
280
12
597
966
779
998
696
807
648
223
697
993
24
255
129
688
781
871
734
168
102
149
273
863
712
562
129
524
85
172
471
910
385
625
446
955
596
337
373
541
86
781
509
