50
200
853
964
959
956
218
531
164
741
381
235
513
483
787
778
151
853
266
514
728
548
60
212
157
843
659
721
403
828
471
136
846
526
118
248
152
292
402
11
916
505
616
463
49
700
586
377
396
393
862
847
93
297
87
407
608
257
852
535
986
207
456
690
541
298
645
869
267
751
793
757
93
332
600
352
328
756
826
126
504
824
676
945
576
114
715
925
458
619
278
834
928
518
797
246
462
92
452
865
276
904
721
941
233
916
755
165
880
724
148
835
149
237
145
604
799
876
49
673
959
239
750
602
195
953
531
8
868
959
863
194
995
815
93
317
313
899
128
78
119
29
890
898
358
452
916
191
934
39
915
418
275
842
553
885
182
386
211
1
307
909
1000
99
817
766
750
122
289
552
73
75
147
169
185
61
261
100
262
930
21
692
691
647
17
192
657
797
478
915
477
757
672
604
960
587
288
531
391
801
155
85
