50
200
5
843
150
662
252
321
316
828
728
46
68
304
154
651
55
223
448
341
358
581
149
420
866
466
916
412
556
514
516
640
348
917
209
879
625
724
420
682
550
551
801
522
17
857
402
701
541
730
80
556
36
826
318
840
99
45
16
848
717
11
177
783
185
283
561
337
148
740
779
117
282
301
321
628
307
586
791
352
98
219
733
251
194
688
81
359
5
244
274
81
630
2
268
328
787
213
642
33
552
515
561
582
527
860
882
712
342
938
3
105
31
700
59
273
268
917
654
235
658
122
2
725
842
49
316
280
975
228
26
326
334
858
58
816
746
633
71
616
55
346
14
547
698
355
445
66
110
9
190
31
961
407
473
631
427
489
14
807
101
850
754
770
316
849
128
725
156
159
800
435
112
246
442
740
158
771
793
274
540
326
264
808
28
465
44
782
987
772
137
528
483
249
985
152
271
346
614
966
170
70
