50
200
585
116
949
60
57
165
157
8
578
885
578
745
66
320
775
433
84
601
986
537
340
926
198
903
769
163
83
123
523
724
81
436
790
684
750
35
396
140
126
838
4
433
970
731
693
172
705
759
437
85
390
200
404
25
446
3
134
298
453
726
708
457
729
673
72
467
179
348
433
303
719
384
699
419
471
372
260
364
128
115
865
485
59
227
204
711
254
872
219
281
544
485
513
15
988
518
32
574
553
371
917
137
11
621
776
543
492
113
696
326
392
13
31
597
157
917
140
369
635
613
127
851
829
317
138
239
17
977
587
458
435
783
330
697
300
430
310
157
161
656
341
256
166
875
348
349
474
220
38
367
699
997
814
67
603
938
43
120
657
365
247
38
579
537
628
14
299
459
911
324
346
308
637
509
573
847
781
445
17
405
17
565
530
777
17
735
303
404
234
579
470
414
644
642
235
650
116
468
319
773
