50
200
668
90
361
295
54
783
53
272
799
656
100
346
876
946
562
871
836
438
850
347
288
968
667
540
452
236
903
21
242
975
470
381
930
576
623
202
606
2
896
52
660
915
964
224
186
501
191
466
345
458
305
911
361
873
629
903
831
350
977
933
434
977
392
324
476
445
658
678
571
749
121
810
257
216
765
63
662
970
918
519
400
649
993
580
197
21
541
456
163
679
409
35
519
736
360
131
86
413
19
979
447
624
584
973
267
599
349
980
920
865
456
733
619
976
17
95
424
245
776
601
620
32
565
809
59
758
291
987
392
36
466
135
635
795
747
312
259
28
169
915
632
599
963
28
800
607
862
903
954
815
845
879
457
182
922
456
182
153
556
693
985
276
895
810
442
51
640
428
887
984
18
514
86
713
618
970
753
697
311
648
985
358
459
818
39
640
545
320
692
287
57
23
501
707
555
196
204
915
108
873
