50
200
817
568
776
888
149
476
283
45
576
707
53
274
759
581
808
580
90
89
71
620
658
598
986
767
27
58
924
530
200
2
606
178
21
653
995
606
331
351
475
417
969
298
478
168
603
227
46
92
523
344
739
125
391
908
724
501
712
149
571
932
371
328
756
555
944
444
246
453
223
956
437
662
595
62
551
109
866
702
85
547
809
681
447
992
204
38
86
382
191
410
949
94
136
708
539
902
998
835
243
415
859
475
445
694
30
677
341
191
373
914
107
923
356
697
158
659
650
329
325
569
521
153
300
360
96
298
168
771
125
227
610
839
718
342
95
64
974
160
697
553
103
374
875
15
865
395
327
541
432
322
198
683
240
79
51
454
359
336
599
568
581
805
973
240
418
867
625
833
956
501
119
566
701
882
838
240
625
495
184
824
440
459
283
726
139
70
763
234
571
432
806
986
446
327
698
772
431
118
511
102
