50
200
78
827
443
759
523
447
847
177
390
334
616
612
561
578
552
141
505
61
804
635
630
32
144
418
731
982
667
130
716
472
144
853
886
581
526
233
130
389
808
310
234
566
677
260
98
532
241
264
624
236
158
919
754
625
571
634
592
461
252
654
327
663
563
726
45
297
667
667
93
826
989
278
244
885
391
786
437
802
342
450
346
868
34
536
833
268
620
860
974
106
126
882
738
912
781
879
232
897
712
593
780
9
892
997
42
374
415
752
790
821
285
590
878
172
885
878
388
849
564
293
230
227
753
240
586
265
877
954
18
688
789
470
929
215
429
252
568
301
481
669
665
368
869
260
459
425
482
921
848
232
398
305
927
888
566
603
65
218
953
339
321
973
802
403
804
341
550
984
981
110
255
103
985
274
827
540
627
461
515
912
819
160
343
710
601
899
98
713
209
653
756
896
396
677
196
111
748
975
593
162
