50
200
624
255
74
68
421
554
205
327
185
172
531
986
923
607
89
238
436
649
308
725
99
239
168
512
992
174
548
430
514
525
495
162
233
501
546
638
321
379
498
624
226
633
337
806
889
896
841
628
231
130
326
23
681
425
816
235
85
729
617
492
539
778
13
359
616
198
674
293
321
88
663
52
720
729
130
935
722
719
298
969
824
575
64
556
982
552
762
674
72
833
311
750
84
351
602
457
879
175
927
543
493
206
213
7
833
378
815
104
199
198
153
83
282
836
616
808
381
543
2
606
89
145
227
867
956
717
536
326
415
28
380
257
411
885
841
409
746
364
781
566
358
602
201
947
545
836
187
9
560
247
746
627
561
865
532
301
897
805
967
611
548
361
141
492
990
455
437
515
252
625
389
541
944
262
914
51
612
86
924
711
600
697
11
225
571
984
105
9
375
866
289
549
295
262
659
242
833
223
697
262
