50
200
624
22
650
534
547
998
108
449
384
377
582
419
863
151
333
573
207
458
435
154
880
889
444
611
398
479
565
530
958
640
765
274
918
729
989
409
761
413
623
551
868
321
119
763
619
610
23
934
418
499
529
668
644
740
398
610
976
961
867
886
116
840
85
808
180
919
199
985
102
924
161
52
281
171
912
213
938
454
709
612
715
8
700
171
247
474
872
374
480
877
974
108
307
529
732
441
546
432
254
523
119
658
347
502
835
917
912
27
405
184
897
351
741
709
361
347
482
901
770
178
206
699
230
253
697
966
607
645
603
351
241
553
794
596
440
501
534
113
457
693
214
348
59
197
802
78
936
713
829
63
795
630
677
622
189
845
252
337
214
11
177
261
476
260
398
177
341
375
959
769
55
216
147
829
466
973
374
771
764
273
412
523
696
627
473
699
76
758
354
670
378
105
626
222
843
913
154
872
587
424
