50
200
983
468
139
507
905
472
866
512
174
251
715
585
940
357
394
896
255
727
321
268
899
444
359
837
933
604
190
935
209
784
734
356
833
602
265
98
391
834
729
161
943
333
604
857
120
735
598
893
293
620
24
200
642
643
763
958
162
195
928
239
667
741
529
229
673
183
670
219
965
986
524
871
407
184
265
921
519
6
541
980
657
314
907
47
881
128
865
667
327
527
96
737
284
238
53
902
839
172
926
705
385
259
87
591
243
117
545
138
755
78
432
892
736
138
539
954
353
634
8
432
560
62
145
805
563
19
707
602
887
917
477
817
571
65
93
254
251
942
533
431
627
420
545
805
437
942
779
773
756
945
743
152
487
499
96
533
54
622
471
302
223
468
681
266
99
40
721
689
722
972
601
590
551
365
473
19
354
664
276
619
307
414
601
717
15
351
75
72
46
472
352
664
939
12
476
171
337
526
437
866
