50
200
613
364
379
500
319
892
378
701
261
255
702
737
541
869
162
901
921
289
583
672
790
433
459
342
959
741
873
185
620
900
941
303
267
923
826
717
3
403
112
226
211
231
768
740
291
387
425
667
176
630
340
665
890
198
472
117
990
514
902
462
925
559
532
774
696
896
646
487
602
396
356
893
966
197
47
215
481
340
499
554
324
835
62
248
390
647
617
714
727
473
678
768
321
847
156
296
867
172
528
11
980
173
470
159
295
653
907
636
435
491
886
431
662
463
661
422
837
855
768
134
327
567
467
453
656
614
905
557
659
784
705
533
578
370
739
330
67
432
486
988
884
911
154
211
864
653
213
336
30
626
303
300
870
292
958
664
442
542
15
496
545
665
419
811
373
455
653
557
396
579
232
414
484
978
116
105
412
878
892
546
351
934
348
440
157
657
823
386
710
400
359
667
843
546
235
668
821
272
424
887
