50
200
474
250
933
924
984
278
57
771
341
180
215
6
610
524
398
447
703
555
776
458
459
512
104
773
596
398
587
830
798
852
162
352
937
898
134
907
116
738
264
550
767
721
484
758
897
408
861
391
388
160
268
175
583
831
771
588
578
614
743
704
482
399
379
229
358
876
837
780
79
659
840
830
284
160
398
776
506
878
564
162
310
568
331
270
335
230
951
406
967
709
192
827
755
208
733
814
575
899
189
24
252
470
243
196
405
841
344
433
390
970
886
543
198
716
213
351
690
292
910
911
964
237
535
479
523
141
741
704
916
418
127
890
580
990
369
867
813
942
949
703
283
1000
398
8
133
91
842
756
694
184
527
284
226
358
863
524
156
61
266
150
709
582
571
883
445
358
322
710
712
567
27
847
390
798
942
681
680
254
952
286
185
649
30
554
871
708
918
767
670
624
944
783
202
678
30
316
558
232
764
518
