50
200
784
834
995
117
139
736
492
138
639
931
805
37
108
425
789
62
494
671
680
958
635
192
454
781
26
991
618
774
440
337
126
656
424
941
257
690
879
758
432
473
801
743
139
636
645
721
423
944
738
241
94
272
362
962
731
886
309
428
760
545
216
997
668
571
210
360
435
43
44
972
607
999
303
558
618
955
732
388
148
246
433
203
659
485
526
88
486
516
821
792
674
937
26
849
35
994
25
877
399
415
278
71
66
888
844
105
35
173
246
641
79
394
299
418
690
359
451
675
616
440
686
447
367
906
764
523
213
66
989
121
323
223
192
937
858
721
105
850
460
29
226
691
43
234
50
378
909
933
645
574
560
155
801
276
573
983
971
289
295
624
165
289
496
19
671
534
86
471
571
708
757
798
968
934
792
24
163
399
186
159
394
278
248
16
223
177
76
895
533
742
635
13
641
361
215
552
871
230
972
271
