50
200
537
728
857
849
738
634
787
475
178
23
893
504
225
400
724
830
364
998
529
35
296
465
104
814
139
89
533
951
612
339
66
52
527
226
566
130
701
604
737
237
2
985
644
270
554
120
251
349
304
583
576
809
403
490
501
958
216
438
506
668
102
459
983
861
502
948
972
713
96
684
475
926
782
42
900
203
80
866
740
590
482
978
290
964
803
458
70
571
978
696
304
836
434
733
644
57
812
603
993
582
569
319
909
95
614
280
356
789
138
888
194
769
114
962
881
953
943
471
30
791
313
828
568
307
722
762
936
260
388
791
686
365
990
382
593
510
748
734
16
231
402
831
14
738
270
814
115
783
600
999
504
950
386
694
18
290
974
141
254
189
615
931
246
615
624
100
43
255
1000
647
97
472
69
437
502
153
773
430
904
139
419
532
533
929
39
29
203
545
157
121
157
486
56
606
112
9
972
684
677
327
