50
200
470
732
502
613
367
975
669
67
323
29
688
137
405
246
171
984
733
214
682
139
550
86
850
982
600
94
287
805
603
432
1000
141
24
298
378
470
659
353
594
856
650
956
392
417
779
786
901
106
661
278
496
799
790
588
890
286
570
848
323
121
894
220
733
730
538
544
692
277
658
781
416
423
598
479
509
592
565
443
958
502
702
747
756
101
88
112
386
864
360
96
676
322
777
713
4
957
721
486
516
204
470
156
572
855
976
864
58
346
750
698
353
321
269
888
75
534
622
401
116
105
446
363
655
114
223
932
867
246
232
648
874
213
304
81
82
574
586
740
301
728
352
919
14
263
16
767
984
268
955
959
354
605
398
464
920
453
670
934
738
746
539
31
111
844
299
14
215
957
732
172
703
728
49
92
889
152
735
866
239
844
367
765
907
732
267
462
237
859
362
366
855
873
909
835
569
855
244
21
745
590
