50
200
584
944
224
726
397
675
347
775
466
443
384
993
456
141
292
491
452
736
536
949
995
219
608
281
139
741
632
704
663
361
520
316
876
578
796
651
643
128
903
600
187
518
786
181
429
26
707
180
384
143
398
429
399
822
85
169
380
777
255
238
114
3
853
800
892
271
465
694
131
514
657
31
181
434
662
105
527
131
837
260
479
298
679
296
521
640
961
981
668
254
425
157
400
484
116
542
555
314
913
700
502
27
890
344
135
846
829
85
983
37
401
8
735
460
999
372
546
9
531
270
156
433
450
497
376
251
402
468
352
358
196
754
554
427
532
394
843
50
274
334
30
374
869
771
533
810
274
435
96
91
996
23
235
146
892
759
936
193
189
672
437
655
638
732
197
920
633
708
138
13
71
783
637
982
447
783
972
775
489
489
504
847
803
393
436
275
769
745
603
465
935
126
13
424
431
577
514
606
583
94
