50
200
577
110
24
914
642
516
886
815
300
896
429
743
224
301
368
733
609
870
241
871
933
886
33
221
200
960
111
367
850
455
594
95
195
228
10
743
732
542
730
755
643
201
353
199
318
802
875
769
344
509
966
870
431
452
225
433
298
907
608
278
556
291
818
983
133
277
632
418
968
850
302
565
145
72
569
751
905
7
627
307
792
967
671
596
724
318
537
323
835
164
689
643
22
527
311
716
104
339
946
7
547
185
403
517
280
958
942
362
665
202
158
684
93
984
720
704
655
595
552
844
399
67
357
559
229
444
172
132
874
999
61
938
367
385
669
835
986
477
66
695
497
815
599
915
929
575
96
689
107
755
326
518
433
907
237
110
951
160
437
279
232
911
301
821
660
751
913
137
345
655
209
666
755
170
803
903
101
818
538
115
306
647
682
1
479
682
765
891
162
519
531
214
407
428
419
108
727
834
777
973
