50
200
297
693
90
122
769
99
655
200
650
987
366
655
558
423
698
695
554
992
48
152
203
352
927
681
380
102
938
565
977
225
569
300
926
393
854
774
27
587
251
712
94
909
563
286
876
546
226
382
17
732
897
88
664
1000
795
436
748
349
715
8
777
936
333
79
489
561
192
70
514
37
341
699
849
349
18
536
234
936
362
835
943
11
401
228
659
647
59
264
738
709
777
203
449
935
299
97
838
243
702
795
484
32
274
12
629
917
523
922
429
83
828
231
873
503
299
144
544
244
296
349
856
397
887
835
930
953
20
118
105
370
833
974
470
813
411
382
808
518
133
301
648
895
210
435
669
682
80
163
611
655
320
598
918
411
679
181
69
218
961
97
509
152
902
752
131
240
215
227
169
414
957
465
382
328
331
975
484
311
518
115
969
16
115
20
675
709
220
878
934
868
262
355
83
573
778
951
530
799
886
935
