50
200
189
439
729
33
251
639
36
733
281
930
180
41
938
386
568
683
83
834
749
706
998
362
338
542
474
403
492
282
544
104
664
926
986
863
795
428
489
512
806
961
395
688
235
662
989
37
498
631
184
777
949
582
505
503
83
623
349
97
362
226
819
920
498
502
83
129
353
65
70
990
20
12
983
293
700
133
345
480
134
459
532
958
66
879
195
700
368
244
579
100
941
622
573
875
600
587
225
228
292
845
91
959
264
26
95
867
151
756
255
219
939
784
815
614
143
775
8
300
552
226
397
567
893
500
500
46
66
872
785
816
846
825
895
504
132
797
844
771
505
80
882
26
319
394
58
125
944
260
53
752
317
498
771
59
574
164
243
354
827
502
137
38
993
634
704
984
987
239
903
484
957
972
813
353
610
603
830
681
910
688
556
337
20
909
337
255
12
288
487
80
25
550
279
157
98
708
574
27
321
746
