50
200
234
131
60
989
586
240
75
151
31
477
5
696
212
448
307
923
207
633
984
265
251
293
2
935
406
382
915
326
579
230
656
295
539
255
375
859
436
237
765
740
535
989
10
438
659
476
338
367
735
561
522
828
987
717
517
138
69
776
43
569
7
17
175
922
640
571
331
724
387
861
565
909
420
575
764
575
932
661
910
755
203
217
231
484
944
885
702
624
205
531
349
78
332
953
106
739
408
199
698
42
754
274
698
320
805
355
652
863
967
427
413
422
575
416
723
219
373
865
611
625
197
426
122
126
313
975
410
665
713
453
655
538
954
550
698
200
798
213
573
373
444
828
208
441
876
574
896
455
126
271
819
315
651
39
799
337
525
421
674
122
697
554
95
251
932
75
802
537
644
598
124
883
17
329
240
89
346
111
842
831
682
205
881
602
100
395
94
455
811
298
43
162
989
461
64
176
176
57
655
238
