50
200
265
319
643
514
716
809
164
99
838
121
569
345
143
290
1000
352
952
232
703
903
927
500
359
765
101
569
46
413
762
806
568
821
792
590
241
471
67
100
615
905
917
585
59
548
555
958
614
159
67
766
352
451
706
941
81
246
564
66
441
104
530
974
155
31
344
983
579
169
604
28
284
250
859
822
40
983
72
511
520
327
260
294
749
461
818
502
69
989
8
673
558
856
386
698
616
158
184
744
355
900
212
460
9
969
522
567
802
896
172
766
179
866
198
106
768
479
31
937
549
30
648
726
756
350
202
966
511
264
521
398
609
373
365
711
598
432
736
159
92
527
865
544
747
890
963
701
83
569
536
259
850
196
108
337
783
765
651
799
394
947
264
975
401
556
431
687
778
386
998
556
482
301
29
576
406
301
342
655
895
443
30
140
532
581
921
233
609
497
486
541
26
573
638
653
448
691
510
74
606
117
