50
200
233
956
201
339
193
287
202
164
681
137
768
44
351
874
156
404
157
439
529
877
92
402
887
960
885
826
28
888
264
308
19
315
818
177
981
427
892
836
851
327
105
106
260
404
547
401
607
545
927
111
513
198
594
556
728
443
717
384
825
908
534
613
536
895
85
766
459
688
585
889
181
87
921
861
848
970
449
567
945
132
435
634
86
224
638
233
841
536
547
568
384
699
269
235
265
697
994
160
249
643
846
745
92
279
238
73
747
473
668
816
618
698
659
888
517
985
567
574
231
753
755
115
910
844
998
502
979
807
815
272
393
192
70
896
928
532
371
528
366
116
208
679
663
113
283
209
488
456
259
67
967
789
102
218
323
541
575
485
592
714
484
729
863
918
286
898
421
78
139
990
787
498
982
542
210
699
343
37
596
466
385
625
535
852
226
151
643
424
754
535
772
431
52
832
564
765
553
474
969
647
