50
200
652
677
56
885
940
975
713
9
361
969
318
925
477
522
714
328
495
131
166
737
945
383
833
259
122
27
614
627
638
861
828
184
636
119
437
351
254
649
631
198
446
450
352
864
865
76
19
234
927
240
244
161
240
675
589
297
739
78
572
371
630
567
250
234
903
374
322
573
906
726
934
128
11
265
393
810
654
153
10
73
355
496
698
784
37
471
403
439
886
521
989
576
908
150
881
89
3
827
640
186
628
938
723
167
503
596
257
975
493
813
685
871
459
876
417
2
964
223
446
834
39
69
835
479
74
309
719
62
329
71
18
974
89
699
428
200
78
9
727
280
408
537
110
927
597
971
758
912
14
635
500
454
225
68
971
914
276
878
197
777
363
6
286
716
848
526
861
34
436
408
606
414
642
741
961
32
467
908
905
894
788
401
341
120
425
85
754
548
131
504
278
996
61
542
605
218
592
758
599
571
