50
200
13
893
677
143
423
821
66
308
897
720
935
329
213
362
215
491
874
452
586
835
33
82
160
771
45
577
219
278
940
771
814
55
569
84
832
315
123
526
332
46
527
445
663
50
592
917
664
25
88
40
736
363
33
484
872
122
60
909
33
517
847
113
627
124
849
804
754
219
253
681
244
287
535
496
837
768
465
289
658
166
612
162
271
548
10
367
191
551
922
829
73
472
569
371
989
636
249
490
827
891
319
948
903
893
394
243
929
294
545
557
516
286
914
469
498
429
426
581
480
516
406
892
355
951
646
934
53
412
99
198
499
550
63
705
234
177
119
962
453
282
112
935
568
219
922
35
616
935
484
68
507
235
804
59
678
103
77
557
330
270
644
682
551
972
873
202
871
667
737
21
384
522
983
338
797
384
74
861
70
632
350
308
162
699
16
899
301
175
549
55
997
664
520
858
34
624
515
616
674
70
