50
200
521
680
98
471
188
639
553
524
551
911
23
505
3
93
299
690
193
408
168
498
95
611
589
831
385
525
870
348
925
744
952
38
698
780
812
576
98
334
952
746
494
406
624
699
853
388
384
19
790
478
357
504
155
828
489
879
634
528
497
451
228
143
638
917
2
945
950
609
864
688
371
721
322
179
604
635
582
808
536
209
516
323
563
179
861
343
147
398
379
419
48
323
234
281
775
835
914
943
241
202
218
193
816
100
477
894
317
62
516
904
483
322
923
947
386
565
528
669
899
116
232
572
544
696
493
931
766
878
126
399
876
325
195
111
95
780
408
587
861
620
441
420
908
981
438
758
705
422
888
550
80
840
419
704
919
535
179
605
752
34
139
251
503
513
674
158
447
469
110
465
677
629
305
669
127
198
775
4
668
478
155
838
710
794
970
315
813
683
890
563
75
981
846
953
949
934
408
299
216
998
