50
200
74
930
617
324
568
883
338
457
67
381
120
208
814
550
818
939
421
796
505
771
234
256
26
200
911
816
370
390
539
749
443
7
580
543
136
885
774
984
303
844
449
537
634
490
234
982
451
723
968
379
282
740
775
606
335
27
587
429
310
930
356
773
394
534
926
572
21
447
126
892
239
934
607
5
525
975
257
666
825
24
366
226
418
446
249
986
970
420
555
169
341
379
678
715
848
234
529
563
534
755
686
622
980
531
759
988
657
410
420
847
291
319
947
379
205
143
204
277
911
669
830
784
289
590
636
234
892
460
119
87
905
893
438
745
817
22
618
446
302
673
267
366
657
431
829
129
440
867
16
192
646
466
736
146
859
752
133
47
618
828
544
311
181
413
393
766
119
128
952
434
596
809
118
858
673
941
907
743
976
303
623
170
76
183
194
703
542
327
52
153
516
747
646
235
623
107
16
539
138
891
