50
200
211
289
235
409
2
188
339
145
52
390
66
402
486
292
864
79
44
769
451
274
21
188
914
366
818
722
89
860
524
524
277
702
643
816
42
937
576
531
81
717
638
208
71
169
676
688
45
225
272
273
873
266
671
150
174
46
267
776
210
937
130
209
23
448
754
592
199
231
165
814
583
227
773
370
402
828
951
594
413
761
907
988
419
863
230
48
530
600
161
934
183
901
108
257
791
909
546
491
336
398
764
179
118
116
816
98
859
775
231
827
986
58
113
624
705
117
673
640
613
660
340
958
944
566
225
54
287
933
165
320
9
560
748
87
802
350
530
743
236
998
675
558
656
847
97
924
916
298
865
573
623
715
355
217
13
754
76
46
227
996
689
346
252
79
290
455
742
972
335
89
788
206
930
172
770
787
555
86
120
775
112
590
831
528
853
479
868
14
301
569
85
199
953
858
398
473
856
295
656
166
