50
200
615
206
986
936
729
289
786
715
171
744
368
208
480
163
93
500
507
929
764
998
635
844
836
3
996
308
95
943
776
903
387
430
496
116
465
325
303
243
163
504
79
36
17
535
582
38
134
545
381
592
292
726
515
20
416
389
523
475
59
394
806
978
323
208
331
46
301
616
12
110
734
375
639
315
539
53
162
55
36
787
708
493
240
192
690
935
980
684
323
368
999
11
249
223
626
643
589
394
426
217
546
363
243
873
355
878
964
134
58
603
846
535
82
164
963
936
960
303
747
760
144
934
469
328
154
790
542
957
612
442
805
117
164
910
373
116
668
696
474
772
972
465
395
808
470
792
344
525
390
343
728
530
811
713
558
846
179
174
809
149
466
402
673
244
528
21
848
603
26
429
764
583
370
738
775
121
706
490
153
180
7
116
80
396
813
904
570
93
576
513
743
74
191
479
278
988
140
338
261
727
