50
200
49
200
210
321
347
371
51
578
621
387
118
859
371
792
456
578
966
692
892
992
936
934
455
389
403
412
969
239
536
493
143
559
421
819
915
593
257
104
604
932
318
839
641
534
568
810
489
462
569
591
133
799
373
425
113
938
721
884
702
179
996
986
452
353
146
237
766
161
215
265
78
92
150
51
591
780
289
642
312
654
797
576
275
833
390
707
538
550
447
496
685
346
946
816
964
444
760
231
693
669
236
23
182
66
642
872
281
187
796
724
196
928
555
312
953
75
701
166
303
866
581
917
905
259
522
366
33
438
557
572
260
568
31
806
377
747
310
721
563
303
555
264
25
121
760
804
960
30
646
984
527
25
715
554
914
638
186
215
413
668
607
807
388
779
740
248
427
510
674
546
370
35
108
324
97
382
895
819
997
929
248
774
433
983
862
587
860
524
826
777
727
307
589
301
599
70
428
228
968
394
