50
200
40
913
313
198
833
504
305
332
962
745
176
467
948
436
779
359
22
244
571
855
711
490
4
188
481
815
370
12
530
903
522
50
910
688
729
595
831
71
876
298
437
922
253
624
324
69
214
187
206
964
70
438
651
714
725
252
238
921
857
523
696
283
786
612
1000
306
309
911
202
750
90
624
786
945
44
924
518
205
337
259
591
994
482
551
525
255
746
422
166
82
971
37
333
201
957
585
238
874
255
276
58
915
729
129
978
301
141
799
478
395
144
964
600
27
476
329
117
282
57
916
323
93
287
108
592
767
659
308
782
997
443
306
906
492
247
426
598
300
731
921
162
850
511
308
962
564
158
5
509
453
272
957
449
869
734
394
171
74
554
36
473
680
978
99
282
143
962
409
939
164
671
989
68
106
221
345
48
85
539
210
70
822
623
849
65
179
881
31
650
361
494
197
328
984
416
446
485
531
347
513
