50
200
642
13
776
378
791
721
170
692
304
730
224
469
117
891
168
458
582
308
62
712
695
414
28
537
302
979
702
53
345
39
464
171
23
211
413
970
364
625
419
44
488
685
374
34
21
799
890
900
384
562
941
183
692
956
492
629
203
2
166
434
513
148
314
404
867
538
828
61
622
221
234
466
481
781
870
146
147
45
944
655
671
105
679
403
605
777
915
525
560
572
531
890
114
678
236
277
858
138
562
818
706
835
804
269
957
693
76
959
102
911
149
666
874
251
943
702
973
152
418
661
980
622
156
837
824
368
652
513
677
237
120
70
599
583
698
851
676
607
230
381
777
850
951
469
83
145
669
756
887
979
299
537
657
656
923
592
95
880
680
553
55
492
401
658
997
673
169
863
81
619
533
937
249
694
448
859
663
716
24
172
212
734
330
845
839
290
201
535
140
147
923
752
140
566
868
410
208
231
958
31
