50
200
480
561
26
681
252
759
846
733
409
809
169
863
457
400
68
335
152
30
241
638
169
674
879
387
960
388
136
44
494
204
656
439
924
887
568
642
13
496
6
836
323
650
243
838
162
355
18
524
131
623
599
549
484
675
477
669
840
364
750
233
265
145
634
61
328
726
444
26
273
302
501
880
868
248
512
604
178
716
241
18
153
489
671
743
216
153
85
993
763
39
195
773
377
542
850
862
747
625
718
388
933
197
55
112
793
54
119
833
728
88
575
765
170
528
336
168
659
632
87
110
471
445
563
255
398
340
264
852
259
133
245
556
890
773
680
583
901
91
44
728
44
253
142
583
928
402
816
56
24
563
477
901
423
568
405
840
260
674
463
863
567
499
993
77
250
81
960
31
874
502
740
458
102
107
316
246
704
492
838
399
834
509
61
441
338
544
944
251
82
148
990
517
320
907
442
15
897
6
228
180
