50
200
22
236
386
489
444
586
658
226
556
908
395
460
829
169
707
691
838
257
733
366
571
109
73
490
669
754
519
752
568
381
391
709
205
937
931
194
843
576
916
875
582
641
265
227
202
947
205
517
585
205
456
233
507
794
266
634
497
808
564
426
19
539
696
413
386
674
61
433
866
749
329
485
246
374
127
58
262
771
496
61
561
681
385
536
576
305
920
41
920
623
481
815
350
683
106
772
644
347
671
704
550
998
35
856
310
142
768
192
142
151
252
525
754
26
257
563
969
1000
32
94
202
32
652
398
328
430
870
82
488
337
967
513
15
47
574
659
190
471
165
439
556
483
416
765
924
266
348
819
461
397
928
117
289
438
236
845
997
425
94
366
712
890
361
827
215
556
184
411
418
235
853
11
890
741
310
239
425
520
206
800
51
35
986
144
721
138
254
715
962
489
934
409
87
38
745
932
624
75
649
190
