50
200
317
86
192
768
957
83
930
944
727
6
716
150
986
176
824
345
262
535
543
896
929
676
52
250
491
97
184
540
888
266
579
628
899
372
908
77
812
348
120
577
340
657
332
373
673
858
544
816
605
370
256
383
173
990
73
417
551
256
308
893
727
490
676
174
535
53
27
927
425
826
958
705
739
12
33
431
9
606
853
861
652
470
473
926
996
197
24
326
256
888
544
149
450
681
502
713
136
696
379
289
722
568
442
117
655
422
821
468
426
141
497
260
600
311
448
83
673
68
475
779
211
772
517
580
710
116
699
568
604
711
125
786
368
426
274
165
720
528
945
161
297
305
212
498
954
515
222
122
300
838
524
618
553
174
159
27
385
466
443
892
241
615
108
823
485
969
748
173
336
220
188
431
705
818
697
626
645
421
2
605
894
943
505
199
549
531
458
583
93
849
447
682
549
116
612
161
338
713
14
84
