50
200
8
231
807
231
114
806
883
871
391
853
687
24
141
281
586
771
341
972
301
625
719
161
783
99
441
159
439
326
79
67
694
597
181
983
427
623
898
589
930
940
654
284
879
978
769
39
954
95
327
647
10
563
534
14
976
168
867
108
648
987
675
441
783
795
864
238
179
10
729
232
831
356
845
338
649
516
910
214
598
41
722
232
474
126
636
973
302
809
286
364
930
964
35
233
448
751
249
266
418
8
416
840
525
221
582
189
629
869
651
72
220
792
1000
551
285
441
314
728
106
70
115
754
241
330
661
734
394
752
230
612
539
92
360
683
755
298
195
560
916
726
537
4
741
271
684
980
528
898
618
35
569
618
671
9
607
247
114
560
871
571
363
447
342
239
184
996
390
171
910
79
336
967
893
654
948
606
403
63
600
221
188
578
638
117
73
122
234
193
656
112
937
490
706
1000
979
285
70
645
776
205
