50
200
877
186
188
919
409
388
498
475
226
246
98
272
874
871
524
87
507
77
44
992
811
78
129
291
13
606
609
933
162
331
396
923
957
430
271
742
681
583
116
193
407
268
949
680
857
677
933
983
149
714
440
196
988
615
163
918
479
602
261
97
187
272
523
672
21
535
860
619
499
252
886
848
129
319
384
744
312
431
174
11
723
962
177
620
767
900
343
252
529
151
430
32
384
294
595
429
489
152
166
867
47
752
962
640
998
654
463
878
943
113
42
78
948
712
118
809
781
656
907
629
700
958
507
38
984
92
58
400
913
640
64
225
925
229
991
626
517
349
766
629
174
25
166
48
529
139
581
100
509
954
526
571
310
172
75
322
804
777
869
825
506
720
788
44
593
538
779
195
829
834
360
463
4
1
45
837
270
331
765
835
160
233
448
348
903
251
438
806
948
541
872
941
805
590
897
995
257
892
77
232
