50
200
389
144
779
91
83
631
567
379
972
931
258
584
960
90
413
652
305
764
787
844
319
897
989
994
68
851
739
762
234
753
456
660
863
707
983
255
475
542
38
795
683
413
599
530
183
85
650
896
362
84
208
494
589
433
78
548
892
397
447
214
586
345
693
925
500
698
834
749
841
745
193
83
539
320
148
284
638
787
725
941
294
195
589
617
533
672
55
839
220
460
748
854
723
162
97
994
402
192
814
155
148
651
925
176
166
705
710
825
868
101
18
669
638
632
576
938
340
417
340
997
394
778
939
950
816
466
851
427
435
120
879
818
335
329
18
470
50
282
664
425
43
60
264
575
439
269
655
301
744
998
305
870
299
980
68
30
511
874
441
752
721
937
305
981
609
824
208
901
700
780
86
778
838
534
471
267
140
708
173
666
655
988
606
622
796
610
171
637
15
746
315
225
261
79
711
881
797
928
426
942
