50
200
941
572
566
543
899
29
218
571
970
763
32
248
241
788
417
84
750
429
483
396
587
282
176
763
240
988
159
863
330
755
903
188
589
967
473
489
974
466
658
544
716
464
458
749
147
778
685
983
666
152
325
487
606
938
182
975
751
604
674
712
975
847
156
893
643
872
317
46
811
838
204
22
533
89
519
491
700
765
271
685
479
485
614
611
143
6
642
126
234
518
386
220
1
15
626
575
307
892
83
968
515
857
899
58
817
832
596
173
483
176
696
345
732
711
722
130
453
218
860
719
501
806
816
814
561
171
345
834
174
761
288
207
722
101
920
462
674
451
116
18
339
146
118
358
15
986
17
696
72
824
907
127
908
313
780
722
562
936
876
370
644
530
624
713
627
5
91
598
849
711
592
284
760
887
194
289
274
906
645
962
920
550
322
265
693
407
687
893
547
14
244
974
110
673
674
945
17
824
670
319
