50
200
580
143
769
356
846
7
329
397
894
571
234
627
908
247
284
602
312
592
186
269
322
360
580
456
886
780
835
926
900
600
441
40
401
85
172
115
126
212
737
634
800
887
639
303
149
67
875
819
961
562
259
937
875
996
37
308
252
980
644
330
401
52
168
974
177
962
662
963
592
837
755
971
909
394
939
753
409
221
626
574
776
180
228
471
873
93
34
177
49
450
448
749
227
619
572
657
838
804
484
355
239
755
654
49
685
191
402
350
747
572
410
356
804
61
360
922
923
281
675
638
426
521
271
651
95
853
937
442
307
546
822
574
562
697
946
673
482
365
511
440
885
766
16
456
929
645
216
495
143
304
147
691
25
27
839
518
734
128
521
748
133
602
877
128
262
434
773
578
100
858
810
302
911
585
215
539
951
383
9
346
80
270
75
74
792
648
432
903
647
92
358
206
560
428
361
616
617
924
378
530
