50
200
353
929
496
319
748
465
684
989
495
901
856
327
341
36
599
952
745
708
148
881
392
184
279
697
550
316
757
199
83
346
515
897
501
137
945
158
818
482
844
303
719
375
56
855
336
442
376
988
427
698
655
346
789
210
892
964
613
744
900
936
643
376
792
737
368
666
79
789
324
832
892
248
920
554
545
208
278
992
45
688
840
963
747
262
362
264
895
93
782
703
179
513
442
607
755
895
610
526
749
468
863
922
679
420
879
49
80
80
50
821
545
526
13
220
992
203
229
180
757
173
720
782
576
751
551
313
548
22
785
820
563
833
490
246
301
890
466
375
307
274
915
977
911
536
611
337
962
830
794
383
98
578
214
788
564
501
243
842
547
945
199
210
744
487
564
952
46
758
477
946
410
916
167
820
987
798
761
344
951
733
711
862
948
604
360
626
523
417
96
122
718
623
370
599
112
722
729
337
653
206
