50
200
857
470
374
867
55
310
706
585
96
691
225
589
187
540
38
315
616
26
588
826
957
912
258
309
282
670
994
776
565
74
159
318
679
974
229
392
362
574
516
1000
379
520
125
13
716
378
377
422
999
313
196
603
690
512
626
310
715
11
431
312
322
224
384
543
143
717
165
289
327
323
263
152
481
381
679
577
702
980
932
408
645
22
33
633
814
817
166
177
896
857
455
999
741
300
148
822
522
489
123
949
15
194
821
755
536
84
950
64
34
110
402
151
292
4
572
923
447
739
789
921
92
782
388
183
383
443
642
454
505
924
461
989
838
933
907
303
546
26
546
501
865
500
294
212
547
191
15
153
912
455
336
121
564
103
84
956
870
329
868
414
43
621
768
787
358
988
483
111
507
195
51
668
449
468
904
513
884
592
158
396
115
850
731
396
402
724
995
373
619
778
284
461
549
294
977
226
621
993
314
113
