50
200
183
326
395
603
817
485
545
318
415
760
673
923
76
519
352
421
541
913
837
554
197
366
946
254
521
351
673
585
858
177
318
837
535
320
728
808
173
531
710
703
761
793
917
593
115
749
258
919
161
510
28
937
518
534
974
174
243
263
107
463
781
153
912
475
909
729
394
770
180
228
388
735
10
581
29
752
329
841
680
254
718
377
52
883
455
881
210
588
559
945
510
500
627
708
880
586
956
902
723
452
672
27
28
183
408
590
839
252
920
642
479
672
842
307
763
632
150
818
12
177
652
166
157
461
877
1000
375
218
291
969
214
583
385
446
634
672
68
187
275
173
803
449
732
407
175
862
178
351
399
769
160
652
150
486
79
569
327
689
429
996
729
423
396
689
580
176
762
998
449
460
515
146
808
436
704
801
134
127
234
843
298
626
22
386
767
969
97
410
110
521
150
871
359
810
538
922
642
440
886
994
