50
200
919
853
358
354
186
332
751
143
254
729
1000
916
126
133
333
249
390
608
162
73
990
734
944
244
32
509
161
831
895
616
738
772
490
240
173
801
910
100
173
938
400
62
463
482
747
824
119
574
67
193
262
56
605
5
825
897
32
770
559
877
629
287
323
201
753
378
210
816
139
472
795
147
969
868
722
928
466
882
221
552
360
624
610
491
370
182
76
20
758
138
807
342
362
953
400
402
165
524
465
377
331
960
723
313
644
356
185
295
707
489
229
233
510
469
918
636
975
127
8
453
956
819
766
691
814
855
610
494
533
902
621
679
442
504
152
950
1000
742
646
13
586
920
380
69
636
301
561
790
97
421
546
366
334
565
476
75
383
487
235
616
659
327
582
442
594
97
43
430
441
813
206
589
640
419
327
990
417
767
82
658
911
254
384
986
884
513
791
544
546
978
991
433
921
451
399
26
849
143
194
87
