50
200
990
534
636
718
570
801
565
605
519
411
308
517
386
164
834
603
819
493
397
716
35
944
629
907
421
526
919
955
211
271
623
609
83
485
20
596
174
871
743
878
283
60
889
801
398
941
146
759
868
946
945
819
702
770
918
317
294
32
872
831
980
268
122
973
175
78
797
248
642
769
586
257
178
661
233
536
944
835
326
88
527
500
134
48
415
26
389
825
639
418
967
601
840
86
118
478
617
504
418
73
399
374
226
930
175
694
526
424
584
773
987
382
594
761
436
747
601
49
578
19
153
897
561
403
682
947
697
993
352
806
922
543
576
504
176
830
291
712
623
78
58
109
31
81
388
739
704
793
281
917
199
272
224
698
843
85
766
717
814
320
174
330
892
774
319
367
97
288
21
227
868
895
881
274
187
856
330
863
230
575
664
763
230
410
287
188
244
597
735
289
170
88
855
96
462
822
572
916
691
923
