50
200
720
441
96
447
880
443
69
573
735
237
391
297
497
959
312
979
510
139
751
480
776
621
39
425
445
351
486
168
427
640
437
381
981
776
626
564
682
628
76
182
698
591
936
905
74
213
934
33
1
295
841
324
615
432
760
32
957
368
585
89
678
569
985
896
741
995
574
626
540
861
158
172
994
463
336
474
716
451
302
689
505
413
947
154
371
916
796
906
262
268
784
325
995
86
977
867
773
779
945
975
138
559
684
634
720
805
847
134
374
177
241
840
834
329
340
787
808
876
938
410
77
691
3
102
684
227
645
63
888
839
446
9
755
420
939
367
329
747
1
860
866
531
383
831
504
330
59
340
364
20
530
347
171
367
487
571
724
559
648
824
264
596
295
80
715
50
960
416
762
189
501
404
306
34
24
839
812
907
164
538
138
948
170
272
296
465
604
280
79
249
993
655
953
164
195
225
881
813
800
204
