50
200
929
160
988
11
858
160
388
402
951
487
437
541
985
113
415
154
18
434
799
318
922
902
381
730
622
420
660
658
568
348
762
515
140
517
630
509
44
654
598
153
473
356
76
420
103
276
899
520
456
634
498
448
512
958
140
963
191
952
446
106
617
192
62
69
661
356
765
399
366
737
904
942
105
698
318
141
812
886
37
45
455
337
224
663
394
69
456
882
8
827
987
979
473
582
421
611
163
642
428
110
235
486
752
986
840
873
472
676
694
882
678
68
444
333
832
650
945
595
225
272
553
289
712
29
991
562
950
827
291
756
73
286
937
939
995
447
153
30
677
483
813
229
346
918
108
517
386
132
666
906
526
968
777
908
750
317
981
935
461
639
116
599
906
887
594
519
668
851
301
904
681
867
315
298
270
270
805
297
709
11
898
980
873
911
568
451
831
300
633
99
644
743
265
92
996
350
924
550
301
410
