50
200
522
643
40
208
250
273
659
667
854
872
84
9
544
721
581
431
114
979
674
316
782
771
935
598
258
708
84
134
753
510
811
377
10
217
916
464
859
708
769
974
119
650
521
928
400
570
739
799
231
860
742
752
660
977
389
396
756
208
155
656
376
353
597
801
611
956
263
688
240
474
92
665
933
405
698
832
131
285
712
807
170
200
892
552
220
924
919
961
774
74
342
851
125
997
243
203
51
412
613
487
51
486
209
304
470
606
170
740
725
748
392
967
913
112
584
169
516
572
422
852
662
186
963
931
239
60
642
833
336
595
45
992
903
999
318
868
428
885
676
772
403
172
446
705
537
830
446
879
702
769
677
338
693
742
288
342
91
188
693
894
624
954
215
726
234
3
456
645
565
221
107
714
260
314
298
961
582
722
216
789
539
476
304
851
126
491
179
588
928
280
830
632
30
46
621
141
263
988
230
127
