75
300
419
765
175
529
788
755
487
26
596
902
971
44
797
879
958
937
886
997
596
247
481
343
730
733
690
393
980
98
883
330
617
337
898
629
715
729
289
505
481
668
635
918
63
691
80
539
814
712
882
887
519
757
80
763
622
913
403
42
600
234
569
771
535
701
387
804
339
991
808
182
493
85
573
805
640
39
820
272
342
875
588
852
246
543
314
840
744
523
796
879
161
273
454
923
732
380
618
564
776
326
699
699
320
434
409
95
534
842
254
261
590
563
687
505
978
536
241
858
414
480
906
624
373
307
806
925
483
284
273
158
159
198
332
680
407
622
206
843
293
724
758
730
734
110
557
667
28
472
535
472
211
893
569
191
858
510
828
149
845
661
289
205
840
414
367
854
37
459
349
894
810
358
936
964
776
416
371
679
479
476
926
811
935
186
471
523
827
733
560
170
777
817
19
389
384
667
376
1000
130
788
128
97
919
671
69
884
801
553
864
691
534
498
552
510
448
289
465
381
444
921
34
804
458
565
579
397
430
412
373
632
620
230
398
852
637
151
302
42
427
555
710
786
22
915
365
296
280
844
927
942
742
132
382
834
254
85
891
613
98
103
631
955
148
70
913
546
18
564
31
575
511
974
453
145
12
492
339
968
106
102
871
381
737
447
25
25
299
426
248
342
274
37
304
743
578
621
841
98
805
365
