75
300
610
21
806
346
739
262
771
817
502
3
744
430
638
220
742
847
940
3
93
257
604
463
819
255
348
613
900
453
968
743
209
565
69
737
9
182
608
892
803
129
490
357
289
68
89
840
749
761
914
49
107
702
883
526
672
457
195
72
70
461
885
213
394
942
978
108
901
506
911
351
409
11
425
560
997
221
712
908
635
492
514
516
589
491
825
639
248
19
452
482
378
809
981
716
194
667
182
896
707
446
114
289
849
916
361
799
658
142
377
534
174
123
229
507
189
105
77
854
749
523
351
339
810
816
571
461
352
809
782
305
762
647
656
345
230
663
425
541
384
61
831
902
897
798
640
806
738
38
984
183
781
621
540
749
158
501
649
555
727
146
290
754
526
722
151
146
558
247
349
840
761
161
45
551
70
930
218
161
646
375
694
902
531
130
785
728
851
495
349
439
593
680
355
521
284
42
478
880
983
158
192
618
968
841
378
959
447
156
996
384
28
786
213
760
905
458
405
151
307
471
184
911
814
452
849
600
522
939
301
937
380
41
813
421
358
739
727
486
752
598
230
677
263
391
230
968
681
158
353
344
262
333
128
16
545
9
734
507
70
515
922
280
831
786
816
803
660
809
497
863
762
418
851
309
166
790
188
471
609
192
473
240
450
619
193
225
208
533
816
459
854
518
668
748
234
81
954
779
857
187
