75
300
45
173
771
711
622
219
591
127
276
176
591
968
165
522
425
716
376
292
560
243
91
944
826
324
849
326
575
485
808
529
764
815
55
672
776
919
159
943
317
734
726
45
79
27
797
548
488
384
851
245
542
42
115
187
847
690
326
557
922
94
366
544
78
119
18
333
135
314
702
210
388
793
345
915
392
968
908
487
749
448
703
442
889
347
145
232
749
71
953
328
418
924
579
870
898
369
758
602
549
126
551
967
233
273
850
537
22
439
755
894
925
830
215
13
238
459
365
851
399
217
959
109
629
825
777
272
49
753
36
335
462
756
803
320
933
835
738
825
968
269
289
471
414
230
837
328
42
711
134
446
546
401
208
374
854
350
292
534
281
61
743
297
516
676
689
808
177
720
124
209
718
361
853
53
961
967
439
569
411
776
60
367
154
912
234
890
72
256
108
395
127
630
173
448
739
90
929
184
542
426
520
25
817
421
198
104
199
127
760
74
233
306
377
58
786
713
916
795
32
15
444
971
423
365
379
98
780
747
430
979
993
711
4
593
928
704
292
383
895
240
133
841
155
735
964
864
900
822
308
100
840
16
889
236
842
711
39
499
148
733
713
50
807
953
489
216
167
704
863
519
532
343
866
811
419
232
661
270
113
201
698
924
387
730
685
279
346
844
474
670
902
545
105
916
407
826
265
580
492
877
