75
300
4
792
87
530
393
590
178
867
281
749
406
513
303
185
963
611
4
320
493
601
61
627
787
918
359
476
446
188
458
655
504
227
959
997
921
268
737
999
332
24
514
227
93
410
312
121
385
492
116
125
846
73
755
746
974
957
130
707
912
960
608
479
362
92
931
155
888
131
338
614
473
984
233
805
545
352
963
593
76
671
715
793
936
90
465
856
63
492
116
519
943
760
596
796
62
302
704
481
670
703
498
543
39
451
519
92
676
26
774
679
522
940
199
486
890
288
858
511
883
259
210
430
171
282
103
315
628
788
71
748
315
332
503
311
464
710
897
166
887
66
496
504
947
429
244
203
910
227
440
180
197
919
473
1
189
437
240
818
368
844
6
458
863
625
594
960
173
783
978
127
789
774
887
551
591
125
935
932
455
841
183
148
213
289
83
720
80
362
892
807
768
696
458
52
382
659
364
438
563
482
461
713
61
258
811
792
561
667
464
166
260
844
286
760
479
653
345
997
766
292
161
229
54
875
615
918
338
37
662
816
361
540
536
325
845
294
575
874
19
684
625
655
852
369
365
631
396
890
486
279
5
560
240
263
696
617
103
849
795
455
219
161
401
498
786
941
677
936
298
637
491
25
414
116
378
506
840
478
198
49
289
432
457
67
681
978
285
986
196
244
829
726
748
731
147
406
874
143
292
776
