75
300
35
556
999
5
417
844
827
583
898
85
560
465
714
439
67
172
76
588
800
609
909
907
623
672
963
403
661
217
261
319
436
719
59
875
833
215
442
94
302
710
467
949
404
693
510
556
202
841
936
634
221
418
365
841
462
930
942
741
773
971
207
508
493
320
361
447
206
113
973
224
859
367
94
685
714
894
259
491
776
479
614
299
3
671
381
212
806
269
149
723
763
717
299
594
412
386
522
619
289
648
209
929
415
458
341
82
575
413
784
588
602
567
221
186
58
451
261
684
127
535
891
934
110
411
901
917
650
313
126
952
42
638
363
221
314
449
951
644
399
666
92
410
527
692
129
640
516
973
613
535
462
701
51
6
320
774
628
965
283
38
464
811
305
337
950
193
846
988
144
428
100
114
741
518
864
716
900
583
160
1
366
749
713
244
356
649
583
525
202
329
858
482
82
926
649
833
983
31
496
118
78
967
23
813
923
466
191
883
839
757
266
724
986
990
333
323
666
520
850
9
582
18
238
722
806
164
984
244
357
558
945
982
765
892
858
716
677
890
525
953
981
948
364
373
819
791
332
520
600
696
224
210
370
875
316
686
424
960
480
31
567
44
799
939
953
313
534
592
990
73
312
567
662
294
737
178
157
138
341
612
187
527
615
512
651
548
26
403
728
293
54
632
736
261
873
423
347
270
455
433
