75
300
520
420
763
75
565
452
48
346
203
340
887
960
976
569
168
313
613
736
959
888
951
772
265
941
425
20
862
558
601
874
42
977
761
768
942
899
892
449
835
773
618
266
56
981
964
201
39
475
438
467
17
119
257
393
786
994
444
773
71
667
392
782
607
511
181
182
561
878
721
458
288
617
125
66
623
983
486
127
1
499
958
395
214
166
269
561
780
84
452
730
873
597
666
15
249
340
405
677
488
826
779
919
400
885
710
817
565
782
578
251
486
813
832
3
658
997
516
118
245
384
50
354
183
61
935
482
495
435
681
229
481
567
935
182
811
29
53
607
761
75
200
881
242
353
888
825
110
935
860
231
807
191
138
513
320
36
828
182
872
800
623
779
310
152
469
183
130
55
418
383
916
699
438
606
798
114
883
906
661
131
34
942
498
920
587
248
716
407
596
663
773
857
68
118
647
443
518
178
248
643
27
368
993
223
642
377
136
813
461
57
415
518
967
556
650
530
637
810
150
587
78
218
654
686
531
883
575
376
812
517
169
997
791
645
164
856
191
716
528
834
328
111
390
23
225
374
316
797
852
509
117
523
376
931
324
308
273
9
185
150
884
818
187
40
806
854
191
96
731
328
708
561
216
561
655
994
888
287
898
146
5
164
739
253
135
773
667
854
744
314
561
330
630
621
431
424
337
89
256
891
