75
300
678
535
169
895
146
916
920
632
409
346
61
296
558
196
835
31
557
159
141
676
544
414
383
76
419
70
263
773
945
420
269
898
612
809
852
268
338
603
758
988
95
889
727
995
397
333
967
155
319
145
726
15
130
947
542
544
658
919
637
965
968
281
13
367
910
524
906
509
640
687
452
636
48
34
315
921
361
453
889
650
195
206
852
443
344
805
30
657
530
644
348
248
48
537
83
257
824
229
39
431
585
606
21
850
858
638
552
441
334
303
349
818
73
76
83
750
965
823
153
834
69
433
98
577
536
598
418
427
825
529
380
153
466
993
325
205
348
154
984
314
557
261
334
491
290
884
805
79
975
252
581
455
890
327
636
571
928
578
426
523
115
553
912
975
965
92
753
780
719
385
663
139
391
653
854
267
858
703
684
795
801
634
702
864
578
509
280
655
296
742
144
368
873
327
738
16
352
609
694
533
999
123
885
845
510
365
966
613
447
277
296
336
420
416
438
813
302
252
852
884
902
844
595
401
196
528
899
469
203
314
614
930
335
24
606
1
273
60
394
432
295
561
857
872
294
748
106
204
825
546
259
159
785
680
111
612
526
838
432
196
621
644
678
614
709
103
748
39
473
435
973
761
564
314
353
245
386
388
316
308
498
872
92
329
629
231
897
832
308
372
653
138
675
871
889
208
204
601
256
311
