75
300
188
604
204
897
897
973
82
989
743
827
289
13
241
22
550
886
557
16
117
444
180
566
764
573
546
265
713
991
265
294
293
645
494
45
445
200
72
813
835
238
17
889
935
129
940
810
954
326
298
613
171
434
714
699
585
736
196
922
246
259
177
973
981
969
724
65
300
876
9
868
963
342
881
447
592
653
561
69
510
452
334
956
909
704
799
106
601
541
571
317
683
299
217
131
499
560
218
468
917
8
334
576
14
130
379
434
316
702
243
659
500
874
678
73
604
604
318
903
851
152
808
969
533
269
191
746
631
194
821
389
597
807
953
74
141
503
19
883
66
838
640
570
545
264
816
397
656
844
85
478
117
701
487
996
72
822
104
965
196
77
912
475
297
95
672
842
449
5
452
38
909
410
589
251
771
848
744
192
314
974
409
144
376
347
634
384
119
580
403
568
901
197
542
912
613
780
315
881
436
974
943
586
80
361
312
580
742
44
774
433
833
294
861
982
552
889
924
616
893
455
372
165
684
298
528
670
500
641
912
926
664
386
881
522
283
562
879
348
946
730
181
576
190
792
167
599
710
797
585
777
671
64
445
82
388
612
473
312
311
772
219
59
161
420
551
160
151
162
153
87
85
557
58
979
588
49
830
595
474
357
858
267
18
437
732
531
377
288
713
358
697
772
370
720
699
466
873
387
129
666
