75
300
906
923
945
264
962
751
804
244
622
711
410
637
19
997
338
262
950
636
548
706
91
56
498
808
565
325
129
706
328
630
193
124
323
282
838
379
33
347
403
756
738
621
462
576
892
980
647
544
590
206
342
465
700
122
353
186
736
175
615
982
541
948
902
267
468
320
370
555
646
811
550
100
604
656
586
977
247
277
732
584
724
169
395
428
812
177
987
774
16
836
184
370
957
155
971
736
588
869
574
768
556
880
255
651
251
35
366
953
786
718
683
815
686
176
912
885
175
998
369
418
644
244
263
393
521
531
186
238
819
31
350
998
247
564
531
223
709
269
856
921
872
290
504
537
865
441
935
218
651
110
454
965
785
37
229
955
763
219
355
734
756
700
846
614
558
712
988
56
853
129
68
587
151
196
546
498
75
745
640
805
694
359
952
246
781
426
828
200
233
469
862
141
381
21
905
739
469
67
140
338
857
906
902
345
94
748
824
845
668
232
732
378
363
237
502
810
76
774
615
140
573
935
930
253
445
593
398
202
767
215
388
981
91
136
712
436
984
125
860
412
828
381
767
124
234
1
785
825
168
107
492
936
406
282
434
34
353
756
850
341
596
311
780
326
754
604
556
586
56
16
108
722
446
485
861
945
117
923
564
265
160
352
460
373
85
900
848
375
658
366
174
515
549
44
523
840
323
270
176
640
