75
300
955
661
569
982
560
764
473
381
611
537
313
988
647
1
254
136
187
92
715
985
998
642
921
701
430
11
861
576
477
218
602
510
483
620
603
394
777
431
861
166
198
207
970
876
687
148
177
222
689
75
529
941
64
446
476
103
178
424
551
957
901
674
644
91
266
959
601
832
609
6
552
679
844
716
774
214
711
531
19
56
836
18
644
987
231
740
680
395
566
668
831
425
821
209
387
715
71
612
896
173
933
765
362
376
225
547
910
199
780
565
429
235
662
247
681
79
323
962
98
996
723
607
595
562
636
146
281
255
924
180
352
107
583
925
141
214
277
893
248
418
608
303
32
376
414
353
405
771
576
904
766
754
243
96
655
962
124
249
748
497
906
404
754
895
614
984
308
842
309
522
366
155
281
993
476
537
605
619
565
135
863
314
199
638
98
408
364
922
16
863
829
804
961
58
747
171
265
176
723
754
194
173
907
648
77
350
301
46
67
503
366
185
432
29
125
310
432
545
714
83
803
791
490
619
459
693
963
614
119
250
886
283
102
453
749
93
72
575
562
190
120
665
182
89
961
169
691
264
983
368
769
484
563
120
323
546
851
597
405
146
288
435
467
406
385
588
166
858
869
777
136
398
852
420
516
129
243
452
214
111
300
737
670
584
664
26
374
579
862
914
110
768
489
803
621
927
169
501
165
587
