75
300
117
935
727
279
161
102
968
866
778
46
513
685
670
360
347
548
780
697
133
698
671
212
494
21
680
487
940
125
640
811
772
152
48
521
386
665
449
113
614
61
401
8
746
253
773
731
287
519
976
991
397
246
731
350
562
595
220
781
332
124
144
901
150
867
4
617
398
236
700
462
824
82
935
708
177
882
336
90
508
579
52
359
515
486
21
787
507
140
542
36
928
947
965
109
754
115
38
17
946
480
321
358
256
238
589
809
209
829
101
329
516
519
676
564
373
780
142
157
193
423
257
92
273
105
767
210
413
302
403
187
33
653
199
808
59
891
519
325
173
175
722
441
820
286
417
40
125
929
541
520
751
924
700
500
273
233
795
874
720
30
897
294
678
278
680
183
748
356
779
759
788
498
473
360
906
48
833
869
559
325
640
391
81
558
947
115
537
885
686
108
614
201
700
879
544
340
736
706
95
200
93
827
66
930
424
345
44
451
835
441
885
338
573
744
88
231
96
804
36
166
672
63
178
976
960
139
817
775
324
129
916
595
827
203
512
189
234
637
431
582
570
51
490
64
182
256
133
550
683
857
17
706
651
760
634
117
717
468
12
741
859
36
734
824
802
774
158
182
360
898
286
110
799
150
188
891
391
297
958
789
5
674
385
143
854
367
566
155
641
178
899
872
580
118
787
547
770
758
253
28
