75
300
961
560
828
481
607
121
315
104
732
617
292
337
104
206
636
213
305
749
68
43
33
613
104
422
127
840
237
575
962
982
536
126
692
393
589
392
109
40
704
645
646
223
178
967
754
894
544
762
871
59
186
949
147
628
176
586
122
696
261
273
320
101
729
49
321
338
119
824
211
520
690
30
647
240
243
646
104
698
362
759
321
248
171
856
478
322
821
909
107
213
257
82
856
527
431
664
67
877
873
747
426
137
645
107
830
12
465
641
799
615
139
347
600
976
724
570
115
337
98
137
212
675
857
891
99
793
664
357
132
254
703
480
551
727
576
331
450
168
298
254
676
184
56
432
335
364
265
258
806
79
233
958
255
156
645
483
321
727
229
344
729
749
337
246
994
340
442
106
115
62
277
554
932
831
602
892
485
636
579
821
774
567
935
487
728
331
800
692
784
789
595
891
60
529
3
357
412
125
15
756
744
380
432
127
330
549
62
389
272
754
225
326
697
68
718
914
901
34
869
872
456
141
233
207
432
327
72
853
339
311
450
661
660
355
961
408
347
296
434
350
706
221
20
8
631
18
317
867
483
539
213
905
997
216
843
673
511
818
874
434
739
71
744
825
879
504
336
500
919
530
984
298
860
407
772
743
303
959
479
484
531
923
571
862
271
296
13
907
802
102
77
612
3
866
16
48
250
23
793
624
