75
300
164
77
336
715
550
37
140
344
191
33
143
409
898
1
677
896
80
817
455
780
470
419
418
128
214
42
605
445
521
997
344
319
981
269
3
829
336
665
179
899
363
900
865
98
815
228
753
728
750
708
972
101
94
996
536
752
174
271
259
130
993
882
914
710
486
989
189
94
438
548
608
660
134
338
418
883
916
567
518
441
853
862
949
910
990
675
110
104
421
945
5
805
844
182
648
938
69
972
372
537
53
414
544
275
462
60
538
119
529
614
893
375
691
43
864
482
296
401
270
742
320
780
676
345
645
540
447
471
508
74
881
131
315
299
891
447
591
548
614
722
195
733
733
451
155
80
355
772
408
122
463
607
52
950
589
428
461
787
430
57
743
948
214
439
500
835
549
203
530
72
794
514
342
959
416
338
214
271
659
764
817
903
806
296
635
717
919
351
787
160
474
638
25
629
464
325
688
150
301
532
477
541
350
880
69
705
10
7
629
127
494
697
201
846
195
912
367
323
989
956
772
647
834
797
658
652
780
244
910
340
359
421
491
983
966
12
160
240
609
278
903
296
268
443
79
163
353
535
937
90
951
982
205
5
97
261
97
75
339
703
635
332
251
287
99
873
752
245
46
549
680
608
227
666
20
140
128
76
930
158
184
706
44
636
532
45
434
754
354
464
791
287
901
900
878
765
910
48
748
35
