75
300
485
759
584
73
582
846
409
739
540
124
527
421
248
494
411
167
246
776
867
824
43
655
554
481
483
828
555
228
664
303
337
562
784
476
533
126
222
618
521
182
562
692
956
889
540
666
184
408
957
777
632
62
113
202
780
619
166
286
265
516
138
162
746
580
232
835
912
579
387
897
126
910
481
302
674
976
28
107
424
759
487
912
297
955
538
110
295
405
833
881
860
233
349
671
165
462
526
873
804
835
779
863
603
380
273
192
684
53
308
544
616
363
454
577
615
37
939
905
509
242
525
758
768
973
320
76
259
604
644
452
811
168
661
557
153
91
72
169
122
410
373
203
497
772
636
528
541
305
335
117
689
399
766
915
733
137
204
992
903
688
723
460
887
78
357
959
532
259
349
549
756
322
46
544
404
68
225
472
479
543
784
322
366
946
650
158
666
33
802
81
244
712
652
701
280
156
415
853
257
629
953
317
154
443
209
372
610
844
341
140
651
33
684
629
636
902
546
625
661
839
779
236
619
983
751
302
543
538
711
403
711
871
944
742
396
709
308
558
129
57
301
461
236
292
166
855
950
48
2
339
432
188
432
106
692
734
359
122
472
12
940
454
843
193
470
774
824
180
822
173
169
522
240
219
822
223
744
73
671
597
139
239
455
949
229
604
560
16
574
574
587
188
69
834
140
141
725
565
708
49
