75
300
824
425
316
873
361
545
551
6
302
709
672
373
759
428
906
69
908
989
998
799
749
433
859
562
983
644
749
312
568
960
718
156
996
243
653
740
3
92
680
250
449
621
419
67
104
119
967
85
696
964
481
272
358
841
942
691
949
869
69
996
987
360
481
658
501
534
666
523
410
71
908
137
181
980
502
756
247
291
587
662
28
916
4
815
483
471
183
992
498
752
254
139
907
959
563
155
919
888
762
181
482
306
223
969
574
125
582
228
582
470
553
594
44
763
157
745
160
390
773
37
269
106
882
976
514
219
187
796
383
153
982
776
734
126
148
510
413
246
811
720
758
702
127
519
833
727
331
867
35
118
322
935
409
635
333
71
506
179
4
883
959
350
936
535
760
991
968
813
200
668
371
802
39
906
950
538
28
529
225
480
850
602
354
34
357
287
807
298
81
632
827
396
449
956
1000
812
73
763
710
51
648
808
764
795
214
389
783
861
693
74
747
245
678
496
61
235
294
983
112
766
993
839
192
536
378
376
473
791
92
908
852
450
511
203
147
16
927
242
888
213
415
421
872
409
1000
255
839
202
125
724
1
642
755
316
753
760
771
972
753
220
584
907
51
368
704
696
342
671
222
580
861
298
145
58
145
207
825
815
19
353
712
47
177
673
394
873
481
547
406
334
226
983
933
198
586
49
830
330
204
509
