75
300
489
822
28
420
196
961
773
909
734
873
155
875
244
412
258
120
462
129
485
977
604
595
462
957
242
87
692
922
643
726
765
459
305
490
7
318
163
544
603
17
262
700
219
855
736
972
922
365
518
507
667
990
177
801
303
524
359
496
397
577
920
635
43
500
254
294
972
507
440
435
796
648
867
330
370
493
216
43
263
979
299
987
828
720
854
768
706
611
225
177
73
507
407
569
580
613
778
566
400
144
831
739
948
970
31
141
228
438
294
951
956
306
300
3
687
1000
801
750
343
944
15
588
693
663
868
697
868
457
944
98
155
437
596
861
413
976
360
572
645
391
45
35
681
985
51
919
563
249
815
687
346
677
329
205
261
43
454
466
267
848
474
875
236
89
585
341
768
903
621
381
731
540
231
779
647
408
183
855
877
938
144
780
129
522
864
831
44
659
810
509
11
946
236
112
510
216
585
384
176
941
647
330
475
239
996
934
551
352
402
334
792
744
283
441
212
429
539
722
754
805
59
492
79
638
348
621
16
458
809
34
310
370
546
646
944
992
509
670
362
384
86
215
911
702
89
211
624
223
543
419
129
813
403
357
786
412
716
418
440
761
310
572
948
800
350
5
545
943
853
655
587
820
158
850
888
285
261
870
791
7
132
153
533
317
166
865
989
822
810
706
847
303
949
927
441
875
176
657
379
496
