75
300
85
319
757
249
618
691
763
271
110
148
839
878
200
386
464
960
261
601
849
159
388
660
724
921
612
24
358
131
54
900
438
940
765
685
464
690
927
611
331
745
434
609
588
235
811
320
849
5
155
419
619
101
373
434
272
993
458
557
869
302
970
366
851
105
370
489
692
257
782
868
181
99
417
388
614
126
601
276
193
781
630
430
830
846
708
331
403
871
658
62
16
149
996
361
377
898
128
335
425
280
389
916
262
185
677
89
475
900
227
848
234
286
562
213
464
49
615
794
656
614
494
953
119
403
776
818
823
36
17
112
519
155
87
857
401
281
480
904
567
854
22
523
121
182
589
763
460
30
852
488
206
603
375
250
818
901
458
337
76
226
898
614
897
308
907
983
581
745
568
932
110
221
83
702
242
987
12
750
365
191
795
858
247
990
56
130
822
621
817
382
429
821
532
931
783
351
701
200
520
112
712
684
171
258
514
932
16
305
45
790
409
330
187
21
6
335
52
337
220
764
828
751
641
386
682
3
399
341
793
669
849
890
237
356
952
865
383
682
107
189
972
420
665
85
936
217
845
238
758
901
583
421
796
185
346
1000
203
881
480
113
552
889
943
985
886
582
354
625
567
253
129
540
983
532
766
159
166
12
967
228
231
179
856
89
4
875
678
629
554
987
927
533
141
13
951
877
294
952
80
762
