75
300
788
949
233
536
617
334
280
666
173
440
317
121
909
977
580
3
697
599
971
20
980
440
279
54
251
790
368
752
593
516
235
946
551
685
411
219
121
574
112
351
386
422
706
140
846
755
999
291
615
459
842
40
324
718
425
435
548
663
155
842
362
970
913
471
518
105
770
392
174
454
982
152
918
935
687
796
154
809
785
32
624
147
483
289
849
516
720
132
465
659
950
440
427
794
352
806
195
256
590
642
728
960
16
141
276
278
445
667
690
102
329
374
698
517
263
901
146
956
229
764
512
391
316
139
430
732
92
345
385
139
943
805
956
350
922
409
923
833
480
881
543
625
357
929
760
605
735
445
151
472
216
586
472
22
685
935
912
76
519
537
861
852
133
804
204
849
590
798
980
490
832
847
219
44
2
514
561
209
628
983
592
756
677
424
83
366
309
730
630
784
342
584
987
397
283
876
287
680
458
451
129
310
237
924
528
196
12
817
546
75
136
886
945
503
916
969
594
627
864
209
565
471
473
167
338
134
985
971
107
612
968
895
395
248
421
711
288
768
495
826
309
7
856
242
25
594
941
67
864
110
109
861
962
882
575
155
525
587
439
851
504
100
201
580
559
989
126
12
16
29
617
461
973
447
793
435
106
878
36
720
60
470
622
274
492
356
310
225
626
224
488
490
523
718
642
809
398
809
164
33
