75
300
360
718
434
774
963
50
375
286
409
266
743
385
781
751
402
928
555
611
979
708
444
672
259
92
896
175
147
878
545
743
345
704
390
551
436
663
508
301
122
687
589
922
609
244
326
96
649
639
971
71
875
795
995
474
682
675
819
683
547
628
901
132
523
107
694
228
72
357
774
582
541
683
126
138
433
737
891
431
310
158
79
572
391
311
4
276
318
258
550
838
120
275
551
106
19
498
155
616
470
12
533
44
424
810
492
673
843
459
519
832
648
253
322
970
587
351
482
949
743
739
31
212
159
74
930
967
640
847
733
217
90
180
779
336
723
54
116
620
313
632
927
27
726
930
259
657
553
627
798
446
314
143
406
190
714
983
608
269
446
102
906
367
138
634
844
620
997
107
195
815
784
118
284
528
272
532
885
24
328
863
416
931
27
748
25
513
597
601
748
99
455
873
566
886
883
825
448
272
352
18
546
343
48
976
170
902
555
134
204
455
541
511
421
845
609
175
610
288
833
1
412
430
913
248
50
397
201
388
371
990
174
264
274
568
50
911
818
379
566
650
69
288
554
305
622
644
440
818
414
502
397
853
270
303
61
506
100
575
246
207
3
238
251
345
646
466
352
497
807
565
583
622
84
866
28
708
157
939
199
328
750
983
940
240
905
47
578
381
608
924
627
288
774
831
447
813
510
653
442
229
