75
300
601
828
986
729
131
589
76
829
372
70
124
202
765
775
184
646
119
238
399
138
247
720
569
533
99
452
86
565
994
541
239
517
28
780
382
570
731
623
950
165
883
534
855
622
758
655
355
804
451
495
667
270
239
552
532
266
6
470
775
792
266
903
742
516
483
840
138
942
726
602
885
682
586
555
320
716
471
857
64
208
807
520
848
741
327
875
892
562
104
551
637
349
737
58
359
429
535
493
194
507
336
930
725
632
62
650
683
19
567
383
669
441
623
616
211
792
36
576
335
140
651
495
187
624
495
103
675
508
146
812
821
382
100
283
644
773
984
39
507
382
465
73
310
974
52
284
857
535
253
593
518
630
292
415
262
29
511
997
7
673
264
194
544
827
275
69
714
726
30
510
665
74
373
901
533
425
790
183
341
386
465
448
910
462
520
911
43
132
315
349
738
604
630
30
399
678
237
871
828
42
501
46
633
489
377
158
539
257
66
585
456
270
343
931
557
713
201
939
225
375
631
371
193
438
523
676
220
20
156
698
855
123
689
243
550
902
465
627
607
602
31
760
331
732
144
36
519
401
446
253
414
243
134
725
980
751
378
890
513
942
695
528
359
560
646
520
235
442
806
745
396
862
70
357
859
176
287
668
54
983
72
101
633
596
492
924
950
430
700
979
734
188
212
577
422
943
358
217
505
750
