75
300
358
709
169
868
719
457
632
34
837
388
822
847
848
1
103
375
803
166
61
656
83
780
367
142
589
869
295
778
797
657
924
89
901
341
261
881
538
368
396
184
753
306
149
496
625
175
364
240
416
832
945
839
721
562
592
866
425
395
671
928
142
560
353
254
843
835
668
94
255
973
643
502
254
903
83
263
806
864
806
947
695
83
697
601
652
232
70
822
700
253
984
406
303
828
973
413
150
212
965
836
806
74
296
965
124
101
373
966
882
308
923
790
261
428
529
160
766
738
674
8
563
574
212
922
156
788
24
769
813
450
526
708
98
947
114
388
972
489
806
917
777
749
520
892
736
116
239
9
393
140
818
901
372
593
538
218
918
791
105
675
577
823
816
683
681
18
432
636
588
879
669
214
849
453
545
537
974
74
789
970
796
887
953
743
774
814
634
35
760
864
897
406
13
977
84
56
182
180
550
86
390
289
450
199
799
80
227
896
843
369
154
121
474
116
36
221
122
350
228
695
230
355
131
785
217
298
534
845
813
214
297
479
684
691
492
952
897
569
570
662
263
584
677
658
987
817
617
350
331
775
297
465
857
201
401
95
601
367
40
948
604
446
61
554
683
415
671
844
696
639
468
989
232
522
529
423
677
538
695
685
208
262
361
827
385
577
581
282
1
202
52
29
248
965
189
957
568
235
436
400
