75
300
675
148
728
289
846
546
422
430
758
7
246
13
496
626
230
30
881
439
519
538
680
774
423
560
875
177
389
15
72
557
893
652
566
686
957
318
982
120
94
399
84
345
991
158
189
969
94
713
390
127
35
447
256
293
29
412
387
222
830
718
632
800
545
79
412
561
581
995
365
38
965
926
468
81
770
844
169
882
922
844
224
242
315
823
360
213
103
757
136
632
199
244
536
179
131
403
214
480
226
911
973
679
709
725
14
123
643
224
143
701
876
863
479
9
709
865
560
120
516
782
369
916
25
648
587
461
276
16
522
538
248
592
510
899
300
556
68
794
801
794
550
344
601
292
205
585
255
238
565
51
857
812
622
862
632
324
294
673
374
816
305
227
722
196
289
810
483
320
270
976
822
566
251
382
57
277
349
863
112
694
13
698
116
68
89
737
400
740
149
879
573
792
157
497
581
680
216
800
221
983
202
113
325
320
678
693
862
456
938
348
464
866
953
517
266
889
88
159
125
456
590
588
405
505
727
123
611
322
246
929
618
131
767
215
364
798
511
593
649
370
798
627
783
756
55
542
231
604
738
783
531
46
393
180
619
606
134
433
678
601
797
162
885
230
683
746
611
329
828
163
849
424
647
839
281
597
813
528
36
937
641
441
986
805
337
227
37
668
564
486
670
234
395
368
884
953
184
79
82
760
