75
300
59
336
947
350
648
638
255
421
23
967
442
798
456
173
170
9
422
294
305
802
556
171
8
191
2
460
950
338
483
943
770
859
853
564
990
137
954
114
758
837
619
522
727
183
490
788
59
227
81
562
364
738
104
272
97
1000
479
297
690
930
306
562
830
834
826
887
793
168
303
765
498
636
322
208
301
727
875
672
163
517
898
679
610
662
380
641
318
933
26
444
687
207
972
617
14
794
458
426
680
298
542
589
196
559
923
532
119
677
429
681
916
138
805
56
219
433
150
933
25
495
148
377
582
224
875
83
365
356
704
344
741
930
699
222
224
735
930
765
564
944
71
446
388
897
756
922
572
607
1000
48
269
627
550
972
333
24
830
426
168
269
6
196
923
232
347
426
496
203
945
993
81
438
755
687
243
945
414
777
156
248
655
653
754
400
697
682
25
95
124
476
651
910
136
621
195
136
958
91
179
601
821
51
646
315
157
277
96
361
605
767
813
51
724
121
217
678
953
772
370
123
165
144
374
280
764
123
81
61
789
194
634
382
160
532
311
699
665
706
111
992
974
629
444
468
779
394
750
265
264
961
153
853
766
742
885
689
675
556
134
848
431
107
416
39
709
601
872
591
395
782
139
680
381
350
882
956
272
471
822
152
709
877
505
15
442
543
658
757
412
714
178
145
534
102
491
739
484
374
120
434
