75
300
933
910
671
337
880
294
978
161
68
725
930
214
541
225
490
620
438
916
675
420
142
51
383
681
637
684
880
494
989
832
252
869
818
977
937
85
668
390
829
45
502
329
315
457
69
251
536
343
777
416
240
374
851
831
334
12
359
420
492
439
767
403
735
55
334
688
625
204
57
918
653
277
50
788
540
726
22
776
684
196
944
319
686
149
668
942
123
577
49
407
261
438
847
646
274
368
184
18
344
980
757
359
100
101
846
913
670
677
367
660
176
108
313
448
55
130
237
80
603
350
68
473
477
350
875
986
244
741
14
755
157
45
575
402
635
201
447
229
212
148
242
174
86
696
157
155
764
187
595
114
756
7
441
507
376
845
907
436
883
616
812
266
339
632
508
497
470
455
483
887
840
81
456
491
275
680
860
578
689
104
41
911
801
586
306
162
595
265
826
652
457
714
65
983
364
200
538
728
800
778
218
89
531
176
865
716
15
166
497
851
341
296
739
970
547
132
275
588
959
685
624
892
33
271
355
948
344
74
399
232
449
360
980
660
7
158
961
987
450
148
538
110
675
374
132
328
451
373
673
410
469
450
572
552
414
980
541
682
980
255
658
142
432
950
64
301
330
681
156
623
506
178
802
181
626
361
460
865
201
14
698
723
908
471
82
793
796
734
325
89
206
831
338
913
700
697
821
603
824
937
