75
300
775
735
462
39
414
431
194
196
596
246
986
639
370
457
644
25
769
169
20
440
21
961
172
508
683
513
225
511
402
570
59
633
929
337
610
293
448
422
408
842
145
890
72
438
868
260
917
437
811
523
103
557
784
895
195
104
209
877
272
323
102
290
953
383
958
20
262
116
492
398
147
46
135
406
517
901
505
587
736
837
822
781
650
35
285
978
123
20
94
312
445
705
478
33
734
641
566
954
300
107
838
125
588
261
134
226
289
988
718
134
292
968
43
124
534
815
134
109
807
879
842
965
137
889
385
854
560
192
938
417
955
822
352
535
566
448
495
623
557
657
637
660
235
342
781
233
988
239
155
958
172
881
16
296
381
534
728
389
182
536
766
209
471
908
604
455
63
985
796
540
429
319
820
561
597
584
923
456
546
346
210
956
170
421
657
972
235
355
233
984
821
909
731
419
384
141
621
564
1
958
360
905
253
835
206
562
677
566
872
750
922
371
232
361
102
935
655
424
374
237
227
745
194
52
464
223
8
358
952
413
246
4
759
744
910
104
325
875
658
437
285
854
486
727
632
948
986
177
537
167
198
176
27
550
307
999
458
760
935
858
185
487
653
281
330
316
783
632
939
392
776
488
662
151
707
97
488
38
170
76
353
752
948
962
482
372
411
671
312
722
275
337
431
337
706
323
16
848
522
587
