75
300
603
662
227
158
787
662
940
656
223
354
927
386
346
58
190
945
312
145
366
529
619
475
914
72
196
446
318
595
556
885
190
523
235
127
128
417
466
626
579
150
417
532
11
962
467
951
726
601
253
66
951
462
317
613
951
372
278
897
49
282
925
485
91
441
69
179
43
964
896
473
934
243
566
249
772
762
242
843
935
841
700
983
659
194
994
779
167
363
839
12
546
278
851
956
306
128
137
437
102
181
999
389
969
725
499
603
367
275
105
709
530
980
650
965
590
272
241
514
218
932
160
971
53
42
811
52
498
113
978
213
810
841
613
183
748
137
155
85
162
427
629
912
157
386
896
141
237
163
3
159
110
791
175
918
110
847
242
298
292
853
805
722
845
515
26
894
682
12
172
238
935
632
732
439
30
121
765
352
677
390
986
796
808
292
936
466
162
355
562
275
882
541
108
667
120
566
664
822
276
936
349
495
932
887
590
93
468
116
201
930
871
868
608
738
568
157
424
147
235
977
886
99
138
696
664
714
986
298
83
505
835
377
638
271
673
210
477
364
606
795
977
961
689
200
123
986
409
944
553
858
344
556
813
402
926
49
677
229
386
872
867
561
672
539
378
634
448
300
360
507
976
302
334
736
222
285
784
446
933
663
451
790
623
280
182
862
831
421
225
123
572
366
532
709
115
328
555
701
655
37
