75
300
251
518
980
476
93
804
370
409
671
8
929
360
403
263
384
545
145
192
253
126
713
705
359
350
723
612
206
793
599
952
297
673
353
269
218
768
234
753
685
854
749
705
330
872
252
128
631
800
507
57
797
493
543
127
262
944
621
432
751
659
555
81
592
239
573
283
369
180
126
490
236
812
44
378
600
53
730
277
172
782
267
916
707
578
581
374
685
523
950
981
885
439
958
189
414
618
347
596
544
25
575
630
622
444
6
856
960
132
469
609
941
804
48
518
287
286
138
371
760
379
883
968
191
304
891
558
775
775
460
17
509
450
987
655
276
874
346
968
749
699
948
234
260
904
268
729
618
245
491
911
966
726
418
478
686
551
258
71
206
269
188
202
861
971
506
199
66
990
170
8
285
876
401
230
389
492
583
670
152
269
346
140
750
950
299
395
753
948
825
965
383
594
230
335
600
832
224
338
899
482
275
239
847
342
753
284
279
69
248
182
640
486
93
582
233
644
759
136
484
881
79
650
799
826
339
987
786
964
906
1
90
73
321
724
708
816
327
759
503
897
894
811
626
566
827
866
224
203
27
984
589
532
835
326
953
617
533
133
535
255
297
71
538
365
340
679
624
416
98
575
5
275
623
172
206
979
653
401
594
643
648
950
617
426
572
10
373
59
131
667
828
35
97
793
540
602
253
389
636
730
