75
300
538
98
94
931
199
393
297
687
375
58
490
707
264
141
203
737
755
735
709
23
711
649
855
969
936
563
136
771
743
867
885
191
470
953
912
206
289
732
918
873
300
100
435
453
109
763
582
35
653
292
87
15
738
56
759
162
427
227
234
381
401
390
19
421
105
437
793
946
268
512
574
416
57
977
65
912
272
376
937
409
735
802
835
676
832
251
663
869
896
856
457
447
751
988
259
762
344
136
326
439
625
144
728
302
282
324
213
424
23
32
174
733
768
307
401
124
285
719
916
7
686
914
632
755
564
473
738
400
61
605
986
704
775
220
941
752
295
130
854
373
74
57
116
782
940
624
156
90
959
198
18
28
872
987
416
649
183
26
871
128
847
433
870
698
63
402
275
15
447
986
378
823
989
392
357
690
243
494
717
261
566
587
835
271
266
914
347
812
422
305
848
261
218
138
239
797
965
681
251
176
392
734
911
860
119
892
234
375
236
826
154
349
656
175
348
18
998
665
901
36
462
639
254
655
997
939
953
369
71
779
222
83
197
994
674
571
764
776
233
345
988
105
907
417
76
351
888
804
559
585
740
365
603
356
310
431
582
536
56
412
682
564
439
794
170
84
332
674
559
797
319
761
470
771
876
864
577
662
266
764
315
662
596
461
474
642
463
602
71
264
585
70
928
563
403
195
734
796
876
517
