75
300
747
839
581
93
583
34
277
957
217
595
807
675
526
912
513
191
201
264
116
52
73
64
839
204
826
592
988
668
926
305
964
904
678
239
179
565
121
740
255
377
572
763
206
172
174
641
667
188
190
95
963
601
429
349
303
410
518
689
154
459
380
159
87
828
994
521
725
885
96
538
183
632
405
300
125
511
217
40
788
174
243
467
977
600
97
859
163
592
463
522
617
718
397
451
548
393
154
377
443
624
440
974
306
586
352
717
915
162
64
550
158
412
581
551
461
368
881
28
474
176
178
166
18
352
419
503
399
329
955
711
278
517
771
767
17
2
425
229
219
306
472
803
103
527
872
512
263
806
596
238
723
908
281
66
424
400
336
467
264
113
329
793
822
802
791
803
103
889
76
59
320
905
199
81
875
317
856
916
622
153
745
318
187
474
196
132
939
195
285
310
990
36
650
895
254
415
815
628
981
790
43
143
995
8
504
604
617
46
755
323
867
94
24
205
84
922
604
231
940
553
542
613
510
242
246
805
311
468
200
352
889
536
97
304
985
611
738
760
295
909
70
809
153
347
160
435
491
154
723
38
745
759
52
147
853
304
833
733
796
185
315
636
821
587
625
722
3
954
658
123
969
746
517
201
973
269
530
86
894
95
930
557
630
843
60
472
980
160
23
847
176
66
187
768
543
502
825
682
410
610
