75
300
140
97
852
311
921
805
790
589
552
848
341
739
896
540
732
853
376
126
313
287
147
127
347
891
896
729
761
68
909
838
470
907
266
319
676
985
979
388
21
329
451
706
756
85
229
512
612
489
330
2
5
83
224
712
147
73
155
809
718
402
863
468
145
646
365
786
1
543
186
967
834
446
662
525
998
650
451
99
406
698
657
362
9
813
538
602
657
101
624
528
569
16
133
292
199
614
407
785
23
917
396
918
175
783
10
392
296
926
817
394
307
470
286
617
42
959
252
245
908
700
936
426
534
938
795
328
243
272
16
550
923
42
187
399
11
438
403
211
571
924
353
322
832
488
225
288
950
80
678
310
187
298
108
221
999
940
934
715
260
592
558
410
338
824
520
694
870
539
643
644
386
463
6
40
714
62
861
716
817
724
643
807
743
850
714
291
44
245
839
396
385
627
497
373
174
960
256
992
187
939
823
644
382
48
779
641
830
181
997
948
277
508
569
607
181
228
471
58
657
147
634
890
176
833
734
957
164
359
817
498
237
697
866
462
700
969
556
660
320
95
773
641
527
289
452
202
221
960
500
751
683
107
432
985
825
112
819
312
647
196
620
475
139
17
455
544
25
966
825
601
348
859
566
903
235
688
698
945
523
626
676
18
132
332
913
193
351
113
59
113
443
200
899
179
802
839
642
679
59
191
