75
300
865
951
188
318
92
378
928
824
481
10
586
775
595
396
42
940
922
317
175
195
25
681
434
152
899
598
429
254
818
640
939
873
250
72
737
808
490
867
514
152
702
784
402
979
243
928
284
893
205
737
381
179
974
170
368
69
706
105
471
294
267
78
429
739
319
838
137
234
192
761
20
104
13
658
172
737
991
123
416
359
542
308
152
910
764
560
888
321
893
713
599
439
679
692
280
364
272
943
434
24
567
101
29
211
222
513
270
732
637
510
285
122
270
801
288
239
213
166
455
600
16
844
971
420
41
886
153
784
948
376
269
205
120
255
887
327
370
120
580
374
248
26
524
385
154
674
663
744
998
804
428
102
49
741
657
322
733
460
219
226
657
499
504
519
270
982
793
436
915
222
504
871
485
875
789
746
545
102
69
694
121
774
29
596
654
838
541
782
739
156
284
51
716
696
538
709
236
725
427
831
188
38
878
662
691
800
469
571
812
670
224
933
633
408
929
966
762
941
737
783
149
243
424
710
259
410
557
798
189
352
34
337
735
340
520
64
231
490
25
487
264
141
793
913
883
189
974
547
655
870
334
57
865
379
536
251
439
79
901
745
815
744
262
80
227
783
775
658
10
564
809
937
239
6
676
919
312
930
766
643
481
5
55
524
561
66
83
109
273
308
854
977
340
184
353
121
459
205
237
21
