75
300
952
829
644
124
205
711
952
330
783
340
251
342
703
839
40
50
36
28
912
252
173
17
247
269
287
613
640
381
934
453
307
933
903
755
828
892
792
193
868
324
244
505
862
909
379
862
897
463
402
982
10
702
614
282
202
747
235
847
290
343
195
182
913
833
21
739
555
792
817
469
904
874
574
937
208
432
467
714
146
170
88
775
66
715
682
602
128
925
25
862
92
304
442
704
913
544
952
391
631
635
850
450
797
946
346
76
301
963
739
841
891
630
608
391
478
816
613
836
195
957
3
846
432
991
169
868
640
942
296
419
680
852
322
107
22
329
268
773
266
401
111
266
457
184
574
7
579
56
712
622
803
445
451
43
994
566
326
125
386
206
325
187
806
569
186
472
334
410
523
863
484
942
222
80
675
101
752
444
543
570
969
167
21
941
540
713
512
255
598
239
752
241
617
670
658
915
546
373
384
310
343
922
888
498
815
207
645
486
326
841
342
307
56
947
250
740
940
914
216
670
310
107
368
466
376
621
129
244
555
739
798
864
649
739
937
828
139
876
599
331
275
740
314
339
291
995
679
889
472
431
630
624
441
709
894
774
597
945
187
941
142
373
443
582
220
107
656
777
993
107
143
250
837
249
224
541
200
327
746
807
254
850
548
105
334
42
448
13
205
611
333
118
818
712
956
425
220
986
715
740
