75
300
118
710
490
645
474
986
554
143
295
205
580
860
972
300
834
136
721
585
827
43
576
724
537
515
889
987
772
172
65
983
325
875
119
164
544
208
739
798
393
714
995
974
560
790
246
535
432
177
275
518
272
349
886
897
523
967
785
456
523
362
798
740
652
709
551
825
731
527
694
273
139
308
426
293
148
708
438
515
3
108
70
83
851
721
960
159
83
539
532
393
228
987
734
949
727
962
324
173
86
91
496
982
250
55
742
344
726
946
839
150
296
908
553
842
864
956
43
869
910
148
982
468
354
430
239
529
778
77
314
128
673
886
221
325
272
645
896
842
749
875
191
367
153
219
207
922
355
625
646
61
105
664
152
266
805
637
243
97
787
821
988
281
525
291
555
775
193
702
164
869
458
377
704
281
134
675
272
50
313
429
573
587
50
321
976
43
32
389
386
641
580
961
376
460
671
843
288
961
695
430
205
355
912
714
653
874
988
393
733
809
527
265
722
187
501
343
479
806
712
80
960
166
313
321
691
924
889
49
769
574
926
930
117
99
459
98
156
641
258
15
242
760
126
363
783
288
445
564
520
303
477
469
474
289
874
546
586
872
652
685
617
287
686
836
941
669
555
717
880
76
37
638
831
87
61
838
873
48
114
76
815
318
567
512
947
275
797
943
3
617
322
110
711
373
298
984
637
44
13
254
