75
300
2
132
988
297
282
507
984
908
585
771
966
633
908
359
50
163
483
208
413
331
36
47
937
291
174
580
105
402
506
777
431
801
254
826
358
323
94
742
655
365
714
153
759
955
825
631
891
407
728
866
596
230
690
63
458
313
40
881
336
493
873
242
186
965
73
606
21
331
612
805
176
918
433
681
984
464
298
388
814
107
746
345
684
672
360
704
251
29
627
919
163
941
655
913
735
752
36
548
387
531
29
103
985
622
592
650
651
898
956
375
437
410
160
170
862
606
657
901
890
67
68
407
239
237
941
749
212
139
998
208
920
305
492
926
425
441
849
144
131
295
994
145
750
663
520
179
326
873
404
124
678
717
7
925
352
282
877
484
373
474
226
654
946
150
529
210
314
481
739
369
625
907
4
52
401
491
876
203
139
691
942
860
425
345
346
536
995
688
99
749
942
632
803
38
610
990
520
997
456
300
464
10
314
474
703
348
916
888
50
668
480
865
754
238
118
246
115
920
287
503
486
785
137
517
263
560
631
32
525
502
193
272
765
474
425
177
938
209
70
59
320
693
714
15
151
331
433
159
289
38
230
255
642
799
667
541
668
370
759
983
960
794
212
674
349
412
485
391
734
902
51
951
825
79
493
916
793
247
288
52
611
543
539
628
914
947
363
464
131
798
894
772
629
61
519
148
700
123
528
183
