75
300
957
929
144
606
775
316
584
400
278
619
848
6
94
223
970
438
198
821
283
524
458
654
771
351
753
621
115
154
999
740
841
220
159
963
588
199
359
205
749
305
749
381
427
552
771
497
877
16
255
54
383
157
483
889
132
284
31
253
682
398
420
826
130
57
369
318
217
190
573
128
551
427
285
655
585
690
859
120
538
965
780
510
757
20
734
364
272
493
455
284
953
699
159
548
825
239
918
603
277
840
927
925
672
251
730
126
228
537
63
193
51
352
368
58
294
859
668
562
390
21
710
355
946
231
478
488
896
23
126
965
617
642
631
39
196
78
821
131
57
684
321
850
221
295
698
363
585
869
140
45
518
167
689
581
141
94
404
538
649
411
315
205
704
2
148
235
768
48
224
125
631
307
658
665
849
218
418
790
21
845
36
134
923
946
755
702
882
804
245
761
714
913
361
585
307
199
787
822
856
7
653
804
347
804
854
820
148
587
508
248
468
628
806
236
391
223
354
313
847
633
69
665
701
542
266
616
386
331
354
207
263
369
281
626
51
261
675
584
659
106
251
354
791
384
595
723
533
691
584
423
742
931
73
393
511
357
48
329
55
101
518
149
780
997
843
416
510
334
81
481
412
234
261
923
3
769
433
411
765
121
458
68
541
681
692
458
611
480
306
810
378
173
23
264
619
59
801
550
364
448
