75
300
318
73
34
627
871
627
761
613
90
756
632
223
895
340
62
691
401
623
545
340
58
345
109
6
267
36
157
503
939
387
367
907
707
532
270
781
35
270
737
973
34
191
885
607
326
727
468
223
663
811
998
313
155
691
706
947
893
656
203
158
31
660
302
994
466
242
583
891
486
568
660
615
100
909
470
175
523
53
110
143
686
689
847
958
845
12
484
656
790
248
467
513
402
442
612
600
754
891
733
155
227
396
582
694
666
82
449
672
445
363
14
177
539
834
771
29
625
829
221
772
167
106
978
613
952
33
451
513
438
930
164
323
209
224
904
74
272
985
763
863
96
684
539
246
320
880
279
743
454
288
380
266
358
412
254
806
391
133
229
340
760
458
132
339
458
460
764
92
152
323
914
727
711
486
806
567
748
290
630
104
994
684
709
507
781
896
204
380
88
373
605
961
490
439
838
497
314
713
475
681
155
364
495
584
825
101
300
812
523
809
5
182
867
489
130
174
372
642
363
927
375
591
205
493
829
992
353
739
230
268
172
376
193
156
974
219
223
703
589
335
345
927
591
99
200
709
94
893
195
798
194
465
371
787
409
203
135
718
491
595
11
863
1000
419
592
993
206
690
507
370
440
379
971
663
591
293
456
529
107
586
485
951
656
210
260
973
304
110
848
895
456
213
197
310
78
901
23
523
986
301
