75
300
733
196
497
898
185
709
675
42
924
734
55
39
415
321
451
725
852
318
667
711
571
546
411
161
268
856
677
983
418
479
419
704
627
485
913
672
438
104
185
671
206
895
224
489
574
680
263
849
432
617
364
904
550
868
886
307
741
287
153
909
654
56
553
161
328
138
43
49
747
551
548
830
49
208
773
870
400
310
467
557
936
15
962
850
111
881
117
706
580
374
427
852
161
155
992
215
834
344
339
849
956
983
947
836
584
430
357
895
575
895
30
438
717
669
728
194
651
765
856
569
214
700
726
161
34
592
290
4
214
340
95
890
742
837
938
653
686
541
600
204
618
921
176
385
680
689
659
493
742
514
661
96
122
355
644
331
574
989
234
397
956
932
60
168
886
438
120
895
904
996
126
432
819
341
96
439
188
993
197
276
307
155
960
714
534
642
783
994
730
707
946
666
429
913
312
809
872
897
351
528
730
430
246
112
677
872
72
324
780
897
68
201
698
776
511
497
348
542
289
60
419
767
558
400
147
620
859
568
516
794
799
846
136
662
807
564
484
764
692
741
666
304
770
149
985
442
631
82
121
851
783
993
851
982
130
713
24
658
702
452
526
889
846
581
421
573
734
362
102
356
543
768
536
997
32
157
262
330
127
30
21
104
626
64
684
346
631
925
36
297
358
188
699
110
266
117
441
329
191
82
