75
300
554
934
676
790
744
744
408
272
974
145
145
857
915
272
774
381
794
827
111
838
412
649
136
657
655
878
997
206
315
825
377
68
978
570
209
13
872
400
683
940
275
396
764
291
103
82
555
922
529
930
2
524
363
383
768
99
588
435
60
939
124
357
581
267
755
178
511
254
792
230
121
376
264
257
879
681
930
914
625
351
9
782
126
50
322
298
980
791
927
658
418
112
149
15
56
686
679
476
20
813
677
448
837
756
624
528
981
318
930
619
798
16
889
639
961
79
312
341
857
308
765
165
821
577
114
837
273
411
605
275
664
662
918
775
161
534
758
937
803
467
660
57
93
106
82
813
219
116
214
44
684
271
56
97
943
177
872
334
265
976
211
499
645
579
828
128
805
661
287
52
879
165
791
105
760
759
715
984
179
530
896
645
304
739
727
863
828
726
300
552
692
576
136
699
516
710
552
740
277
199
101
79
883
552
756
733
29
697
577
386
997
589
715
350
439
898
251
677
705
323
565
54
681
448
219
532
484
321
455
841
649
278
971
842
809
867
563
63
156
765
345
624
813
134
458
664
70
235
969
288
172
124
169
509
740
357
297
52
868
183
99
1000
721
57
928
209
175
770
839
509
880
697
585
473
670
415
148
82
888
888
889
633
817
846
707
595
890
367
60
926
769
840
921
544
953
159
256
201
73
351
