75
300
414
529
565
723
753
448
734
467
753
500
331
974
608
122
299
590
611
68
957
554
42
281
535
407
76
222
140
525
324
858
989
646
674
564
586
297
47
912
19
2
118
973
15
189
459
338
429
558
73
690
306
139
310
664
765
487
126
267
587
832
133
96
519
737
412
328
385
143
348
45
382
995
962
546
862
220
667
664
567
808
446
967
766
892
902
110
142
11
769
843
951
183
638
582
358
362
876
436
711
968
438
495
908
467
499
72
122
64
904
431
590
42
312
821
288
294
877
217
168
829
928
159
339
119
399
922
490
63
951
807
594
598
605
423
704
149
419
112
475
68
225
480
932
85
367
612
74
417
20
865
123
681
45
982
316
393
133
612
550
741
268
511
156
362
189
907
673
538
759
526
471
697
778
967
17
516
305
85
407
590
669
901
295
91
863
101
726
951
461
9
966
282
104
590
367
593
286
311
918
792
504
181
201
351
274
255
610
191
45
69
350
30
17
440
553
679
817
314
938
531
31
746
661
79
181
350
703
374
182
206
788
725
739
960
464
535
134
163
208
608
348
87
646
631
420
179
554
703
549
481
922
877
457
221
716
222
111
788
327
185
971
764
398
470
903
497
927
802
188
320
420
589
61
461
36
382
618
756
575
423
557
559
339
937
491
955
474
360
275
414
685
324
635
547
446
169
364
947
65
901
