75
300
327
204
358
180
272
929
831
950
935
245
522
206
230
687
120
810
21
873
78
186
964
647
353
896
307
271
165
757
109
603
163
256
920
429
223
632
836
450
216
34
347
742
406
939
297
268
960
300
244
369
240
410
688
627
570
847
820
74
921
362
251
433
132
17
356
213
663
914
393
554
231
170
977
666
729
235
956
631
773
431
223
778
281
771
89
777
605
362
134
393
645
802
891
988
987
290
70
229
678
310
512
286
886
814
616
965
335
752
897
344
338
895
421
540
858
441
913
34
123
564
744
896
981
541
3
204
575
877
367
723
24
154
250
384
21
247
161
128
788
584
770
316
27
458
214
96
572
148
287
168
755
679
33
578
791
847
40
685
72
33
715
775
322
183
273
303
157
846
262
198
898
938
97
584
552
172
134
451
322
727
48
685
562
424
680
187
843
125
641
264
160
635
66
51
189
80
53
921
582
162
748
521
192
232
615
401
657
769
870
239
805
53
760
497
872
146
770
281
620
908
994
128
927
71
863
430
998
676
433
729
818
690
956
67
896
663
703
226
825
932
436
191
278
91
395
183
603
109
952
916
109
879
419
14
278
48
667
504
276
980
318
540
113
789
197
150
790
310
175
909
376
294
256
240
892
194
909
930
926
234
811
675
651
682
251
617
479
447
297
903
515
741
826
658
722
729
394
235
756
664
