75
300
654
467
539
219
334
272
638
390
136
857
403
808
502
366
696
427
486
139
908
90
30
633
573
271
836
7
938
574
315
898
339
689
14
362
665
262
322
616
687
877
399
661
678
24
346
529
627
544
477
407
867
385
739
852
82
864
731
816
434
471
227
83
176
929
304
978
261
566
100
249
341
411
725
979
967
696
676
348
347
679
982
434
483
827
430
10
473
805
350
978
356
112
328
154
42
250
794
45
969
731
937
40
394
460
449
520
638
671
518
267
271
712
163
958
893
764
284
587
142
57
764
2
283
13
975
9
598
84
15
215
899
590
239
304
231
487
806
47
985
721
819
961
979
245
945
148
24
244
879
364
227
647
985
78
105
932
729
917
729
722
157
875
939
43
445
645
261
393
810
554
271
596
918
353
841
60
715
863
726
457
738
571
444
951
33
382
325
535
868
318
760
776
726
442
178
95
411
722
390
237
665
936
143
21
497
822
285
881
121
902
82
108
156
710
915
744
386
943
37
55
472
993
574
904
136
475
731
855
881
644
902
180
888
641
793
582
189
111
234
128
380
50
17
968
619
104
408
934
81
433
240
705
770
939
860
284
455
613
173
60
649
503
29
784
719
336
69
797
856
673
835
463
864
341
882
346
996
885
196
875
954
15
700
85
941
204
614
177
776
543
93
490
916
417
788
891
168
735
86
686
