75
300
921
623
396
870
762
851
402
10
618
652
445
91
110
597
498
626
180
597
532
658
604
851
232
690
747
838
212
990
100
259
693
831
60
280
642
430
57
254
919
144
616
126
955
723
97
701
447
288
718
333
996
470
323
231
733
66
453
471
925
66
885
208
895
332
148
173
58
377
883
103
569
332
374
259
822
573
711
133
338
327
432
798
411
229
130
272
684
402
193
922
692
726
459
719
423
595
283
126
558
13
599
557
624
670
45
109
891
878
197
170
566
423
836
379
935
21
533
51
896
68
8
434
628
202
889
933
295
57
107
677
866
147
85
413
391
209
666
372
562
615
496
447
136
848
910
978
481
242
756
803
607
46
593
464
808
541
385
623
678
7
10
241
769
810
980
839
895
397
300
248
636
120
719
23
760
81
654
20
182
352
625
559
794
395
54
285
583
633
476
819
543
81
797
205
605
776
120
92
255
572
728
863
563
93
66
785
851
858
34
330
383
277
43
436
748
50
362
511
248
12
20
440
235
132
752
301
867
937
64
708
632
14
255
713
562
40
774
370
490
187
714
293
921
275
823
474
846
782
587
322
111
589
486
86
119
246
360
152
936
757
73
287
428
566
77
519
571
489
559
814
180
277
887
752
841
403
897
762
344
699
552
348
430
936
407
173
947
781
890
55
176
390
520
162
399
956
413
341
734
428
