75
300
763
34
240
617
537
281
665
591
647
61
472
716
423
245
536
699
155
536
266
828
305
582
20
34
76
753
134
987
509
880
396
753
810
228
663
427
51
560
827
126
813
133
550
846
309
678
266
435
770
354
893
396
61
230
282
706
401
228
395
337
343
907
422
137
362
312
945
441
355
851
666
590
554
439
973
980
16
911
874
244
189
485
369
910
920
132
779
650
974
537
120
607
630
532
965
355
995
252
279
619
465
917
474
121
459
695
875
873
618
578
800
521
136
439
266
243
306
27
605
868
916
905
651
245
16
842
135
546
353
146
430
603
986
864
467
286
298
264
378
838
883
62
522
758
474
376
764
336
849
544
206
599
887
740
722
827
407
238
113
368
410
946
652
269
204
891
639
543
50
721
742
734
835
239
669
366
1
850
237
790
593
59
156
185
567
210
200
587
733
35
711
332
220
452
894
566
621
358
367
449
392
222
919
961
284
854
509
79
343
37
35
522
658
929
539
27
504
262
488
613
883
716
713
945
577
450
782
831
610
881
568
638
426
231
445
667
929
625
602
698
614
162
3
560
809
845
71
590
156
525
757
805
875
356
251
999
456
370
223
867
955
384
580
676
545
311
275
802
449
756
582
760
641
344
643
90
863
599
144
607
73
964
956
323
731
434
76
468
246
280
142
102
921
210
83
103
654
289
637
112
