75
300
764
639
586
75
560
446
586
928
254
35
474
983
118
821
198
233
557
129
957
718
899
700
696
331
604
124
308
745
990
199
823
91
940
544
225
893
434
941
407
530
332
336
668
453
386
821
539
242
498
489
708
387
639
463
7
549
445
480
409
311
911
896
715
296
653
651
380
923
237
890
262
91
624
516
383
542
334
233
289
272
625
748
480
554
612
756
897
957
787
626
82
989
507
772
675
565
846
689
419
41
295
883
795
725
164
526
479
180
828
751
136
749
525
28
677
543
139
113
178
905
342
788
867
358
917
410
12
778
441
871
419
202
384
560
238
43
937
358
898
56
607
169
675
750
387
159
114
10
343
723
389
882
275
833
778
317
807
404
392
150
620
286
342
794
768
416
299
323
376
325
499
559
700
966
434
671
462
516
992
427
665
943
166
428
991
920
879
612
372
753
986
680
663
413
322
803
491
2
292
429
505
576
756
525
781
505
151
487
755
828
485
716
924
455
801
326
346
73
213
385
875
964
725
902
396
38
364
27
675
295
360
625
263
252
120
313
923
679
231
562
150
52
448
939
325
757
792
333
565
24
384
119
666
712
542
828
182
662
702
956
411
830
379
607
728
654
981
94
377
293
606
401
544
593
63
495
14
191
739
88
185
414
347
870
269
571
763
809
256
869
241
350
685
637
487
646
8
650
12
567
