75
300
876
886
856
639
291
910
42
605
935
123
842
898
357
170
724
205
224
273
813
918
229
280
52
463
997
403
43
582
145
536
873
394
228
803
995
511
426
426
427
169
30
376
18
72
51
19
453
441
298
203
116
277
138
471
692
463
910
816
293
342
120
319
91
776
206
818
752
12
18
17
123
379
857
740
958
157
693
812
47
566
252
792
779
616
906
328
857
828
523
261
309
522
903
943
723
770
819
572
515
492
968
345
339
175
91
461
92
377
807
922
968
475
549
906
619
323
813
403
124
752
498
595
790
697
200
985
168
426
315
589
476
308
764
990
629
767
343
885
655
928
671
245
660
549
461
156
61
320
260
209
185
965
151
273
600
419
850
75
333
592
320
442
756
353
142
981
688
505
298
155
534
496
295
730
381
148
949
943
267
872
561
952
783
645
260
531
914
441
877
708
921
838
349
338
497
915
947
991
360
673
843
533
938
210
681
541
423
873
996
873
744
681
839
405
914
364
937
57
482
348
398
544
364
84
62
368
406
32
148
480
526
315
597
974
220
936
330
105
942
423
737
821
52
312
870
671
637
106
146
62
138
19
215
182
46
595
72
569
469
177
346
825
539
826
78
451
943
593
767
355
845
353
924
141
27
309
329
433
566
666
984
253
398
732
604
558
475
646
532
739
179
815
491
195
467
339
318
464
381
610
