75
300
751
373
795
106
557
807
17
876
285
996
226
955
505
688
456
503
383
830
878
478
91
156
98
612
448
740
917
510
703
949
576
146
867
388
929
56
638
587
840
786
305
846
715
612
85
481
808
93
245
105
273
929
452
72
579
177
564
109
886
113
432
368
75
814
101
154
766
763
381
969
80
911
149
184
834
70
145
956
134
11
773
447
488
957
201
878
196
386
83
148
911
233
53
929
67
54
288
648
588
625
569
521
534
913
923
194
856
112
936
296
838
435
787
143
277
994
928
190
887
769
530
833
399
605
893
183
937
385
808
664
34
843
715
345
914
671
633
241
285
64
112
953
119
444
863
807
59
392
59
512
678
562
599
33
152
215
215
809
893
407
928
979
498
355
672
393
208
475
800
276
230
220
271
63
135
917
421
501
894
381
419
769
413
86
331
282
200
961
283
66
637
194
368
683
417
892
477
121
153
795
276
657
816
798
874
720
563
30
307
181
161
32
302
498
805
20
628
892
720
321
417
667
137
376
348
488
64
979
280
145
678
119
5
495
4
614
503
7
541
4
599
754
432
799
907
117
933
862
510
555
817
103
63
765
682
34
756
29
937
909
220
409
528
266
297
447
576
133
891
11
284
685
728
631
72
121
385
232
751
153
333
851
641
276
954
545
494
341
462
712
235
787
937
681
81
183
982
182
85
35
