75
300
829
171
474
440
826
787
19
555
540
37
597
855
692
73
749
676
220
823
221
228
911
959
622
735
597
577
456
602
26
707
593
568
365
426
542
211
890
366
9
214
633
268
144
937
950
350
333
320
402
843
449
147
359
834
936
632
828
30
593
52
237
846
215
301
254
685
694
755
966
790
954
671
521
191
725
934
575
864
342
604
965
629
251
238
944
835
817
115
727
908
901
149
747
656
970
75
475
58
474
683
446
96
973
627
214
503
973
561
99
780
238
743
805
387
923
665
717
260
35
923
164
171
424
721
774
36
329
996
960
919
14
853
503
202
693
382
891
209
969
947
874
821
536
714
759
69
699
946
503
150
101
633
749
25
527
611
988
211
756
476
85
54
84
773
130
668
321
118
266
771
103
685
929
234
345
312
875
69
120
47
757
858
577
784
656
685
179
310
439
429
433
222
818
17
644
218
147
374
869
846
829
669
637
644
112
514
604
644
420
836
714
265
342
135
29
385
14
545
351
600
995
308
838
989
705
291
730
471
732
679
194
605
598
706
780
34
564
504
60
613
206
76
897
716
43
629
807
818
185
511
430
407
423
550
924
826
358
41
692
574
8
491
233
275
995
237
973
501
431
450
745
903
828
96
519
506
345
124
659
61
968
31
62
128
305
948
667
891
663
560
432
588
352
562
825
548
571
843
515
764
