75
300
99
424
412
187
401
321
222
810
529
197
868
542
355
818
998
327
732
19
537
662
381
16
300
375
336
325
525
695
307
906
565
140
141
679
45
628
400
60
80
989
166
86
524
300
155
830
241
840
105
541
801
109
322
880
541
314
222
138
305
8
732
650
739
63
441
836
824
775
830
591
940
422
82
893
99
934
831
666
607
810
662
808
989
233
361
261
102
814
823
813
236
999
189
142
481
451
564
854
210
681
240
566
774
153
660
684
683
647
877
402
787
875
314
107
827
881
122
898
140
86
810
291
121
526
42
771
983
483
506
960
273
324
262
127
330
4
311
854
297
971
156
309
396
670
803
758
644
410
949
884
266
456
984
573
84
535
23
344
789
956
119
522
653
723
658
365
237
275
638
401
58
150
872
404
672
130
465
952
249
409
119
961
489
266
637
953
86
46
450
553
853
784
520
882
842
320
718
928
807
117
451
350
83
189
181
21
469
323
542
218
588
933
759
648
782
211
686
275
272
553
218
769
463
761
660
738
896
686
722
687
95
733
863
169
609
166
235
629
1
889
54
358
503
64
136
173
389
772
66
357
707
530
142
87
828
9
229
525
182
109
878
185
52
789
355
339
294
401
959
160
150
804
590
986
480
999
463
177
580
191
203
344
176
86
972
388
559
284
28
821
897
139
820
7
308
356
106
663
633
131
