75
300
807
639
453
748
30
908
72
377
994
956
582
190
515
820
97
647
22
947
723
67
997
644
762
404
196
632
802
411
984
277
540
508
706
372
422
539
167
397
372
790
6
242
724
654
315
651
779
75
854
94
375
713
547
559
637
735
878
138
775
759
393
297
391
553
444
458
38
18
194
584
499
925
961
812
612
40
997
932
687
128
134
873
111
774
412
462
436
127
499
207
188
553
907
227
493
301
208
527
509
212
800
604
109
952
581
515
857
198
405
433
910
800
712
426
477
661
700
272
261
692
535
6
342
126
734
926
355
669
229
920
102
658
748
333
72
369
929
899
50
285
745
949
559
458
240
945
1000
837
842
598
59
663
814
967
618
765
170
117
787
181
939
528
215
219
716
47
967
400
977
857
724
783
482
43
638
718
838
365
898
725
293
731
247
430
388
900
585
535
497
168
843
807
780
828
661
217
932
445
599
407
162
526
370
60
531
447
104
115
854
442
786
141
449
811
697
596
102
725
529
499
63
901
813
378
1
875
985
7
583
13
9
614
955
391
747
240
279
42
122
859
604
104
205
277
232
758
706
801
534
802
628
345
516
557
838
74
640
438
291
936
563
953
149
215
960
323
972
93
546
731
676
841
642
614
785
206
222
49
245
733
712
366
243
148
322
85
5
476
999
260
66
477
56
181
351
372
78
254
483
643
