75
300
340
157
542
722
348
755
299
985
428
863
709
268
397
156
603
522
668
558
742
125
253
78
122
309
156
494
909
111
658
278
943
713
98
454
48
239
190
415
867
787
342
771
996
151
276
170
558
773
558
744
23
632
384
352
208
439
605
133
869
82
920
114
507
691
241
344
208
559
180
398
75
567
597
857
988
516
775
359
998
777
185
705
708
480
491
924
735
20
771
81
444
735
704
997
49
260
182
307
597
44
407
899
963
836
955
205
152
461
751
94
318
421
157
39
8
108
764
21
700
451
852
993
328
649
869
902
373
927
957
474
220
290
415
923
304
959
976
862
645
125
740
864
515
401
123
313
295
703
340
869
6
688
922
52
403
845
349
533
379
421
807
863
504
990
827
924
394
867
662
884
113
310
717
516
832
545
480
555
760
337
649
703
86
941
611
21
443
241
947
619
907
830
507
43
564
376
196
488
47
718
734
325
738
518
186
735
177
529
77
766
390
299
19
914
174
155
679
974
337
733
852
718
869
597
534
628
575
246
217
295
895
299
348
941
242
581
387
54
80
357
203
927
122
732
913
442
572
717
527
106
636
535
242
679
135
240
607
998
641
484
139
576
459
600
422
262
843
59
409
909
217
44
446
399
220
980
528
502
910
75
418
854
560
325
885
438
538
691
781
465
393
224
236
213
400
409
562
796
368
808
