75
300
367
553
929
810
64
392
549
50
578
306
717
916
328
212
169
743
667
348
594
454
500
437
302
773
206
638
541
150
385
970
311
49
26
519
19
962
922
641
878
524
505
786
649
809
784
164
236
21
101
153
376
972
744
223
164
433
420
909
652
408
423
873
445
350
327
766
342
195
122
963
813
671
71
260
542
815
92
481
536
785
792
632
200
304
913
305
950
525
584
344
406
201
206
334
991
330
497
932
292
276
411
537
930
592
533
232
421
462
121
482
555
248
952
352
384
847
936
973
309
29
260
665
614
734
820
736
995
696
230
207
708
816
695
391
884
24
145
826
606
851
571
399
529
420
500
140
47
356
394
985
768
664
1
119
258
367
503
649
582
160
957
235
703
748
362
493
482
445
498
660
227
882
948
419
716
426
718
877
297
155
745
226
314
481
542
957
110
92
40
702
363
459
307
417
249
974
521
197
983
104
543
58
926
983
885
592
567
663
528
591
873
1000
526
908
730
712
753
58
778
914
323
362
952
145
732
134
826
280
249
348
706
810
632
801
494
663
445
173
593
883
57
43
774
771
656
747
445
584
421
165
530
194
473
200
613
8
805
879
22
872
544
98
191
412
162
405
251
822
564
764
350
909
619
425
210
521
310
270
782
905
45
730
303
177
330
885
766
422
651
391
624
4
180
327
176
912
753
475
629
553
