75
300
645
289
132
602
489
909
975
579
93
346
204
479
157
240
35
397
265
430
883
900
77
274
344
813
462
514
350
537
379
461
643
643
343
270
512
512
303
922
560
32
579
141
919
931
982
303
951
813
588
33
919
184
209
509
992
189
194
696
733
674
292
801
988
422
365
400
28
35
861
351
220
470
205
961
34
795
271
764
22
730
116
53
798
559
35
607
735
645
967
29
305
240
314
818
725
208
228
459
89
894
766
827
545
75
333
232
729
805
494
174
985
466
817
754
365
181
616
382
434
498
754
77
269
698
970
109
419
646
475
996
71
564
262
945
885
861
393
292
562
51
264
104
243
16
382
765
456
634
75
685
51
868
605
620
451
896
296
808
651
675
589
18
272
724
210
870
479
245
441
941
783
624
325
423
699
371
369
392
589
939
968
432
500
595
321
427
594
139
305
437
621
584
611
222
280
435
646
607
329
291
843
59
750
977
290
176
910
707
276
39
588
676
655
791
275
293
580
941
791
635
594
167
123
86
435
299
300
218
149
160
75
947
72
58
483
208
570
90
13
758
32
362
128
88
989
464
316
548
546
87
736
208
266
919
214
595
660
816
29
381
344
270
641
113
719
695
156
994
330
388
207
354
297
953
627
608
196
498
700
696
857
462
21
394
307
986
519
745
724
654
838
318
94
57
846
343
313
957
993
161
