75
300
13
555
222
402
45
630
867
45
939
794
127
253
149
702
793
76
18
823
170
827
149
115
766
357
417
280
386
10
898
128
934
106
320
734
984
790
551
267
830
15
417
706
804
387
544
891
293
415
268
119
107
226
230
364
160
517
346
547
315
307
541
715
993
571
195
485
430
498
488
282
573
246
943
667
208
33
285
785
180
184
52
552
596
969
622
140
469
545
644
637
712
362
106
688
78
711
182
237
649
143
58
224
75
369
852
590
135
468
427
102
689
627
2
717
892
531
730
108
123
792
858
442
559
606
92
458
69
148
447
481
130
890
977
111
964
917
342
651
937
837
854
602
651
727
730
602
987
681
324
511
834
285
104
530
873
608
910
676
781
530
678
508
578
347
535
752
815
348
462
213
908
374
956
602
773
155
352
326
190
469
480
11
889
83
714
70
281
231
896
828
206
405
182
935
178
149
542
360
702
798
163
772
156
939
455
893
510
838
211
70
918
790
756
264
527
964
12
841
941
430
817
879
302
630
456
975
267
218
368
291
742
223
720
473
631
34
435
746
433
769
3
949
789
887
189
614
974
602
708
151
952
277
98
901
180
657
14
985
369
979
791
473
192
256
270
120
858
26
597
766
167
987
982
202
400
781
981
716
262
745
649
28
909
775
581
563
455
143
471
544
552
759
653
928
575
255
951
472
652
527
