75
300
952
448
433
13
965
780
687
930
929
468
266
680
501
238
776
926
484
650
410
649
747
801
627
110
320
416
869
506
764
498
823
134
32
884
673
770
964
933
226
825
905
120
708
929
180
704
687
761
158
462
741
513
604
184
689
100
81
411
763
946
679
789
410
665
388
579
668
997
633
896
131
879
876
494
895
14
886
46
765
496
87
691
4
582
953
200
191
559
643
351
967
543
979
463
572
554
625
258
86
283
27
169
399
658
619
136
611
194
503
306
280
627
143
46
927
27
336
986
39
559
455
185
854
407
218
317
26
470
609
628
686
810
251
591
753
442
258
704
998
770
243
629
850
605
46
347
799
350
966
976
627
238
66
994
784
721
511
779
900
751
872
280
784
152
991
539
226
123
370
953
878
230
774
151
991
668
162
338
202
400
761
903
353
726
492
174
486
847
255
698
971
567
190
822
804
403
968
298
760
370
179
555
780
761
708
369
446
134
339
406
776
169
188
720
460
655
662
929
552
556
956
598
640
986
958
556
38
507
258
577
730
64
216
801
709
493
335
735
774
820
12
576
119
484
991
270
207
959
754
649
269
666
298
239
422
518
197
684
311
942
719
908
748
388
461
576
93
877
38
308
345
3
555
237
360
985
816
334
443
960
131
505
3
242
299
732
295
668
774
227
262
164
445
310
782
625
249
305
429
829
