75
300
492
392
509
755
224
312
254
682
377
556
736
290
505
287
171
255
457
342
100
197
394
913
243
44
773
320
463
847
271
628
136
75
544
144
365
670
694
316
476
100
417
18
624
429
402
800
710
123
583
389
258
862
590
869
817
197
214
188
993
437
361
413
69
824
59
302
532
601
714
107
934
859
620
124
198
480
708
761
169
102
745
18
654
698
841
924
374
415
88
875
919
824
63
857
286
735
261
399
225
301
253
702
121
618
944
636
962
712
415
161
406
495
905
976
474
546
648
671
828
551
388
292
651
323
289
166
682
313
77
562
557
239
496
826
806
977
267
236
559
410
94
53
236
607
559
870
104
630
337
491
478
914
264
106
74
303
788
167
170
737
451
143
56
936
559
393
935
536
132
382
25
758
467
444
429
839
112
319
452
525
131
931
672
454
994
334
970
571
613
907
883
411
114
490
775
237
388
881
714
802
945
935
728
548
481
200
82
114
505
810
436
586
633
238
533
204
644
89
442
161
807
332
212
584
503
508
950
548
809
422
99
749
12
319
284
43
786
4
301
465
134
64
619
986
970
584
945
980
878
877
48
883
261
662
91
579
444
805
192
653
749
956
971
176
990
127
849
996
204
775
265
147
668
200
143
619
835
999
976
298
563
609
462
309
176
924
923
251
956
931
921
691
481
455
511
768
861
124
485
419
