75
300
10
780
580
345
76
267
116
211
102
515
52
700
386
182
30
807
207
2
630
633
102
321
621
610
575
539
375
561
575
765
580
291
899
658
671
729
920
502
722
553
482
704
350
121
446
757
775
645
41
870
680
591
364
661
894
107
328
353
390
16
726
764
134
414
798
600
809
658
928
295
26
912
945
72
125
893
985
620
759
228
293
784
815
387
37
107
714
439
88
231
332
537
80
586
180
785
571
902
191
570
4
736
160
759
368
392
761
811
603
12
79
75
531
284
835
455
872
782
997
390
767
592
957
529
503
994
874
920
962
388
953
461
661
159
177
83
840
142
794
394
243
417
229
388
748
46
2
742
424
203
795
445
487
427
96
96
213
952
343
280
872
105
706
614
434
798
473
670
19
693
22
336
339
979
444
574
371
775
401
59
557
918
139
649
709
774
825
642
252
924
60
553
65
771
132
598
317
208
731
681
941
723
471
447
49
247
580
186
785
36
893
450
179
681
433
270
615
836
221
888
486
555
280
611
308
183
955
189
6
901
845
347
838
963
435
11
437
673
253
27
914
403
264
987
654
200
374
182
232
794
991
47
715
899
476
588
550
50
941
443
628
127
550
235
585
261
647
584
311
811
345
847
893
660
554
87
874
191
32
658
980
999
747
823
193
255
890
168
843
160
869
589
578
609
892
470
401
807
951
160
