75
300
123
823
51
816
477
746
543
808
599
131
490
223
709
153
361
45
790
983
720
310
996
20
40
1000
414
518
399
364
655
263
202
525
921
960
745
174
585
312
67
116
514
717
49
855
715
136
64
824
664
961
487
316
577
121
257
793
203
738
314
679
487
840
603
754
872
221
645
694
546
484
896
521
203
625
346
157
28
251
360
872
477
953
766
367
95
886
970
358
449
35
37
479
793
741
956
156
230
923
131
923
495
447
424
85
429
35
208
863
293
195
148
401
326
412
630
847
36
271
478
444
673
516
936
144
630
868
319
743
593
476
504
610
241
934
570
978
3
321
581
204
259
503
179
87
98
168
774
22
518
346
635
688
131
422
290
328
581
313
15
524
42
307
429
271
67
801
717
974
378
252
814
525
27
363
439
100
645
158
970
964
455
136
575
482
51
151
502
928
312
213
645
160
513
602
799
634
18
560
795
849
287
426
513
401
170
675
411
463
309
451
390
887
480
679
760
460
619
144
423
176
32
254
537
902
394
423
89
314
629
698
655
50
56
427
88
778
814
145
910
159
360
14
60
418
523
40
616
966
951
785
41
988
666
596
405
876
924
27
256
641
479
51
941
807
794
240
734
716
150
320
260
556
143
687
184
192
88
848
77
8
371
836
582
24
339
783
63
762
233
860
242
816
455
365
218
600
643
558
912
696
