75
300
16
262
212
486
927
804
457
198
429
44
814
683
594
252
164
302
214
448
592
976
685
212
83
517
648
695
483
824
268
592
734
130
132
897
25
758
34
476
821
393
504
730
37
674
603
70
795
345
943
439
289
850
374
28
297
372
904
702
340
875
777
566
531
658
678
712
544
58
812
363
722
679
568
374
990
822
230
311
586
231
266
655
814
522
197
39
852
687
830
175
286
817
188
314
730
385
169
444
109
993
658
790
523
355
146
784
833
386
599
990
811
965
376
191
402
421
205
35
572
909
967
245
724
137
786
563
232
454
982
736
982
194
968
268
147
672
19
715
516
139
242
687
314
442
807
255
415
108
271
275
957
293
419
752
440
114
406
640
392
209
18
530
760
22
249
615
509
749
522
400
630
327
929
992
80
432
431
481
737
951
720
325
374
159
565
193
717
530
350
279
358
676
855
73
869
485
580
725
437
64
951
492
285
173
209
610
383
333
428
359
298
158
357
768
697
877
901
50
405
919
523
319
225
139
284
187
30
998
798
482
445
946
972
904
28
513
579
872
499
778
789
690
849
765
617
711
553
530
646
428
578
24
189
140
226
923
416
511
265
232
209
765
602
363
386
662
953
76
95
578
763
300
820
572
384
539
671
290
154
262
86
377
806
527
363
422
71
569
829
876
467
462
919
891
250
49
534
863
573
714
