75
300
152
754
613
131
563
349
839
469
792
101
661
476
658
420
278
544
963
357
306
86
271
692
316
207
433
717
547
727
245
612
515
106
643
800
902
257
52
523
576
773
568
950
15
273
954
24
998
252
95
784
177
849
574
892
259
794
29
699
341
278
327
883
420
677
672
668
447
927
705
195
394
588
444
933
152
818
449
794
472
280
647
643
277
200
116
949
129
36
551
457
911
394
800
46
420
574
238
138
641
123
473
271
204
426
34
701
648
517
543
483
161
3
172
554
439
985
697
346
923
321
190
729
370
559
51
829
261
576
161
560
162
21
226
983
752
52
109
674
839
13
84
159
591
920
267
882
564
577
604
637
544
541
467
956
153
678
653
277
822
369
320
1000
223
280
928
974
481
962
708
431
863
499
125
753
776
404
24
30
532
148
799
193
182
75
678
920
50
59
360
592
349
709
507
559
67
543
742
76
627
234
820
366
669
410
778
230
441
452
610
347
550
716
375
864
440
471
484
712
321
390
935
635
406
898
39
857
656
8
431
851
796
601
491
289
175
300
906
515
746
361
364
920
729
127
926
833
984
857
531
651
513
647
487
286
107
689
77
889
519
625
450
362
215
478
214
125
876
632
361
774
478
536
615
791
168
51
165
318
396
259
972
378
517
268
945
970
851
101
35
720
5
335
479
301
504
146
32
373
238
5
