75
300
257
837
651
913
132
574
938
983
187
416
533
731
625
692
466
547
615
49
977
126
982
705
276
434
769
926
820
886
909
197
304
314
374
907
853
721
30
722
688
617
147
933
41
905
351
415
669
923
928
752
902
993
313
880
714
829
215
240
622
355
437
74
412
802
605
63
151
246
324
40
330
237
683
413
932
635
514
883
846
842
331
250
205
617
948
282
49
109
465
704
230
350
230
676
835
166
365
658
545
703
695
743
188
617
319
393
376
142
173
671
452
191
584
239
704
111
886
63
482
58
240
455
803
825
5
244
16
247
593
472
248
800
155
298
157
168
202
483
750
961
869
215
646
149
512
382
240
507
157
517
146
929
231
26
76
886
135
336
839
725
672
684
641
39
586
388
263
119
239
384
758
314
672
995
869
102
886
109
970
872
489
191
341
285
518
258
252
363
135
899
933
70
846
929
966
112
134
895
156
213
682
704
894
927
558
152
812
402
378
853
89
761
234
725
826
631
661
618
870
459
843
908
378
272
586
722
998
194
185
982
373
355
83
678
511
154
999
845
13
656
95
538
209
40
623
574
908
982
506
271
870
864
756
114
971
318
770
267
450
851
285
294
817
127
49
502
953
712
988
118
689
802
890
361
979
948
517
191
814
932
851
442
707
885
134
52
524
990
156
372
527
530
925
902
234
480
952
394
37
9
