75
300
414
408
776
777
651
314
368
847
281
845
408
413
173
162
449
65
761
666
269
186
80
581
552
927
347
831
60
842
311
725
820
82
637
884
796
308
282
249
664
16
456
378
104
668
825
631
734
504
298
971
466
646
988
748
893
891
595
185
915
302
867
162
600
650
694
731
647
420
923
579
583
840
915
865
918
570
449
602
436
134
225
471
265
236
621
324
270
853
352
91
955
843
499
435
208
966
795
124
812
548
571
205
994
355
131
329
856
213
479
104
743
634
810
652
446
35
360
106
394
707
948
722
916
466
522
537
90
837
531
819
980
447
632
734
83
104
705
474
126
436
64
835
874
434
516
221
289
946
537
161
845
861
172
754
921
9
389
589
598
742
106
966
107
223
563
385
387
632
111
663
706
544
702
509
371
77
21
138
125
537
423
164
605
960
398
335
768
993
631
688
746
661
669
677
906
403
734
587
775
489
151
727
52
733
688
581
351
217
330
281
82
146
540
740
821
165
911
738
465
164
434
729
888
411
965
958
196
843
884
560
181
638
184
686
388
242
741
263
214
685
593
197
520
422
375
839
230
180
544
25
781
33
922
782
326
349
627
113
527
784
361
629
581
430
750
81
961
922
297
797
373
141
251
996
197
356
840
887
665
464
486
605
367
979
762
851
77
178
163
135
346
903
801
660
123
695
147
972
443
98
