75
300
434
917
57
171
982
989
244
41
245
71
308
467
930
496
243
960
990
36
60
159
81
657
305
513
870
110
215
349
250
407
87
656
700
585
247
78
827
827
417
689
890
207
968
802
159
13
654
817
852
540
51
544
256
633
619
576
882
864
847
91
270
639
221
560
343
660
159
128
940
817
679
610
888
975
666
297
721
477
181
154
378
932
986
237
746
515
505
288
507
740
400
438
658
927
803
755
11
897
239
421
402
347
70
590
696
741
922
742
38
461
319
326
205
19
411
278
517
577
495
842
64
619
543
505
977
86
704
917
679
857
358
450
161
431
697
612
695
743
584
621
702
13
203
115
942
28
926
916
436
660
257
502
954
836
867
5
170
145
341
906
446
463
309
409
325
305
945
678
854
562
626
964
97
763
278
936
263
390
998
752
224
646
261
229
425
591
797
509
478
112
876
801
848
572
636
241
676
955
854
542
349
536
910
258
858
625
767
57
470
320
497
292
791
232
958
270
80
929
756
559
618
999
36
827
930
715
229
14
213
258
397
31
98
164
810
957
855
839
690
770
906
180
587
249
163
803
254
368
12
221
821
25
999
776
756
446
85
751
483
21
41
911
454
135
616
708
689
878
881
703
12
252
791
513
889
193
719
637
810
550
524
213
101
102
311
580
574
258
361
671
944
673
883
243
854
301
313
402
161
912
