75
300
111
211
981
540
856
829
332
612
125
220
500
217
504
347
629
46
235
45
11
216
614
959
995
846
44
74
206
542
921
733
179
170
387
304
432
650
950
381
597
25
368
483
402
269
504
467
317
308
295
907
223
1000
201
27
715
948
226
911
518
561
121
116
650
573
815
250
598
875
385
951
164
997
589
563
482
897
676
840
730
746
273
23
120
931
141
277
164
206
988
895
966
968
56
655
238
59
392
411
296
42
742
98
756
308
258
704
620
173
246
242
165
872
166
470
840
791
920
449
488
364
40
49
726
148
743
93
895
98
102
50
803
621
231
610
711
751
730
152
197
814
145
884
313
975
398
160
355
974
561
191
853
451
172
982
999
393
589
834
662
979
481
413
466
12
380
986
912
724
140
507
667
986
160
125
243
803
640
406
450
243
862
799
513
42
697
347
593
389
650
474
243
41
974
693
232
82
95
828
305
953
397
218
711
725
333
897
229
523
180
934
737
389
499
446
889
992
690
415
944
582
737
785
259
716
191
589
774
316
147
912
885
934
397
626
410
401
132
3
912
162
475
119
798
960
984
330
157
351
368
97
5
541
552
882
800
307
370
632
74
898
27
65
443
26
556
916
977
465
503
998
340
785
612
863
438
849
198
156
923
552
236
618
868
952
970
721
927
627
247
127
70
984
819
879
877
994
12
561
208
362
