75
300
251
178
566
105
725
582
658
990
826
161
595
344
861
858
137
212
134
682
256
860
351
351
582
854
738
667
86
558
387
371
17
520
705
50
443
461
320
925
998
264
541
262
571
912
812
592
257
249
790
249
584
580
563
705
230
22
604
740
871
837
412
64
388
129
396
943
550
939
623
608
744
795
855
223
614
172
340
853
149
732
553
96
350
399
281
530
324
128
595
53
263
825
65
486
570
874
925
246
97
729
836
933
423
512
715
821
112
272
432
702
461
202
944
828
315
207
255
222
540
787
67
277
647
11
507
30
137
137
123
595
531
725
684
245
398
3
895
938
45
548
707
858
455
707
541
771
15
460
477
394
227
277
225
983
804
762
59
539
338
633
39
220
370
401
640
622
409
745
16
489
145
908
900
241
559
684
600
56
978
893
385
709
619
223
540
210
379
498
284
358
950
869
43
735
640
265
877
901
467
826
599
619
935
47
967
785
153
561
474
685
281
919
429
665
545
729
3
71
643
752
388
984
369
232
718
958
952
170
432
576
472
327
81
603
748
504
434
864
78
889
670
113
827
483
374
109
903
145
86
601
883
206
671
772
636
300
859
137
856
392
850
137
495
107
61
399
899
803
984
719
684
28
934
735
177
280
789
441
167
124
235
210
464
969
162
50
486
712
898
322
174
972
963
699
368
613
81
572
394
41
