75
300
604
946
978
604
597
311
189
586
767
929
99
366
322
762
28
65
168
535
698
822
772
34
206
556
810
419
326
465
86
923
376
365
931
319
693
812
622
98
941
999
910
773
371
205
241
673
754
259
910
452
594
795
466
888
166
237
863
328
762
563
116
929
825
243
429
547
186
41
304
245
481
704
114
979
631
852
201
856
966
466
245
475
413
436
831
52
455
145
304
903
193
803
757
295
357
92
384
977
548
128
617
343
181
93
872
510
648
633
370
434
584
542
644
426
834
922
197
686
741
95
629
606
521
859
989
294
462
857
170
637
147
676
992
914
505
402
118
577
105
953
706
914
594
713
601
531
36
418
625
160
500
924
25
530
415
925
84
280
354
609
198
571
736
180
980
978
72
793
689
720
537
195
666
10
29
924
65
123
823
311
136
627
680
542
928
101
528
967
336
263
278
394
48
990
452
634
89
895
547
208
577
999
536
99
212
628
417
766
924
403
978
822
434
981
814
225
754
31
508
637
577
373
513
972
401
483
325
164
63
282
348
794
793
667
13
337
529
216
900
880
192
328
68
846
841
312
388
112
512
113
136
930
316
980
801
961
317
26
63
585
305
475
295
747
771
203
728
902
737
665
269
698
193
851
171
527
463
295
899
625
98
756
970
753
914
191
716
773
20
34
431
545
459
744
264
881
958
576
710
224
