75
300
698
671
859
606
27
386
72
354
496
132
531
876
843
572
904
191
209
614
673
268
764
734
20
280
41
440
823
550
625
303
627
994
642
187
300
881
18
948
786
151
335
66
968
637
301
752
115
555
285
293
880
586
877
440
712
542
760
309
78
787
25
209
156
892
132
875
883
433
460
493
708
605
588
151
124
558
726
74
367
531
844
660
390
643
19
483
152
81
377
195
99
913
547
696
94
316
123
580
436
64
219
942
715
33
493
401
845
376
564
356
785
372
963
607
215
293
160
869
487
555
924
403
230
613
377
567
892
232
793
805
834
407
676
203
511
358
944
464
983
234
642
228
142
193
548
966
289
447
13
142
474
514
160
542
191
737
427
828
817
717
559
750
754
631
856
879
396
100
779
703
637
50
970
804
811
482
805
288
704
488
924
711
76
476
432
74
672
953
654
671
521
690
545
839
172
736
647
271
938
527
855
578
589
475
256
951
782
233
787
51
745
366
196
304
443
659
938
499
418
334
558
213
429
508
829
581
544
263
793
54
288
35
382
331
319
574
226
197
644
403
555
598
601
414
520
428
430
590
706
927
685
451
362
258
27
244
151
523
934
164
879
876
855
36
97
331
461
556
124
392
863
189
816
675
586
339
209
853
889
531
728
831
127
32
374
207
479
948
832
107
837
887
228
868
621
875
201
761
550
358
