75
300
716
367
882
293
268
30
317
372
135
767
4
626
62
499
437
580
220
370
845
496
731
94
547
44
774
28
260
920
684
934
953
216
244
549
160
294
334
110
382
460
324
851
319
291
150
235
300
366
370
444
707
847
630
10
101
748
296
279
413
820
338
916
431
202
693
499
374
623
837
686
531
314
608
926
742
461
87
913
595
322
629
882
991
194
137
547
442
302
617
349
604
106
136
642
274
32
998
494
322
198
864
822
15
55
564
855
789
528
676
3
18
500
287
86
488
945
920
525
211
250
218
979
900
631
871
360
689
39
371
525
918
973
479
78
114
428
289
272
768
497
421
914
344
617
674
652
662
413
31
549
951
999
142
257
415
166
793
123
313
995
861
756
232
602
55
308
163
286
470
718
928
674
966
115
832
271
380
861
380
295
996
263
801
892
673
832
47
182
320
349
709
881
464
68
825
127
243
88
29
25
193
432
525
197
828
327
233
804
795
394
64
804
488
403
119
861
251
989
73
688
30
925
842
924
911
310
368
195
489
669
477
207
85
606
597
729
67
852
811
269
103
147
611
201
830
766
686
109
399
402
150
290
426
352
836
435
503
680
151
32
976
416
661
198
329
595
512
459
148
154
695
925
906
145
421
146
480
280
521
326
415
329
389
469
680
507
483
932
458
342
776
825
335
739
298
738
621
328
300
397
