75
300
167
317
243
703
336
258
461
223
265
687
785
978
101
425
317
944
479
125
66
349
995
356
154
132
45
517
621
706
533
829
188
561
301
413
408
433
682
309
624
810
210
304
925
756
578
274
603
373
105
823
361
268
694
750
845
218
501
340
824
842
219
475
858
378
816
17
778
553
178
672
350
824
711
876
124
647
128
835
472
856
166
46
443
296
208
691
598
77
774
507
112
278
987
514
53
712
743
526
321
646
129
738
102
978
577
830
342
802
964
727
293
266
266
132
814
666
13
167
701
357
36
825
148
118
824
858
770
510
99
365
392
477
568
531
284
541
927
378
82
921
600
55
981
992
995
925
3
216
546
369
565
598
143
685
431
214
69
708
673
193
896
704
205
125
513
419
765
855
625
769
373
707
113
947
722
105
167
655
808
251
883
92
303
80
529
264
329
102
24
65
489
365
108
714
892
841
729
895
619
11
97
222
220
115
407
53
795
645
194
596
356
175
544
936
960
35
877
478
954
242
501
696
448
829
135
632
880
23
312
450
811
616
294
9
409
624
508
637
482
764
811
110
756
630
575
71
275
152
606
252
639
813
73
126
998
431
568
297
975
919
239
113
868
751
641
728
344
535
788
469
715
496
339
486
921
681
13
793
395
586
989
473
6
151
948
699
983
343
169
521
662
620
702
158
763
905
305
665
909
573
