75
300
875
164
691
431
241
495
109
754
844
63
483
63
813
258
250
934
552
876
658
317
271
840
328
306
400
326
972
438
865
674
323
107
285
648
235
498
218
803
947
201
28
496
435
192
917
411
97
262
286
694
401
233
581
528
182
506
421
884
624
884
574
297
613
307
494
537
834
570
388
807
398
834
719
136
102
368
509
103
87
181
574
520
9
719
356
128
556
374
12
232
807
744
46
713
777
390
70
259
859
550
596
309
141
701
739
610
937
871
508
868
138
613
932
741
810
924
352
877
355
542
900
790
983
620
233
624
994
143
736
153
601
342
922
833
23
99
324
148
776
989
254
634
196
870
96
595
625
181
248
930
124
495
913
996
56
996
627
768
717
533
504
22
788
736
827
908
159
990
120
422
444
747
835
147
369
92
774
372
394
493
857
195
901
698
522
126
453
809
74
973
660
653
331
871
461
338
742
88
89
28
38
662
445
964
677
267
449
925
502
288
594
687
942
45
458
798
738
131
931
648
417
696
935
714
155
306
531
636
179
374
38
825
375
87
332
813
76
488
374
382
931
721
718
717
703
451
628
897
710
16
809
651
354
554
156
608
383
142
775
79
751
782
691
449
56
520
80
892
265
575
908
153
197
300
960
721
134
28
285
124
905
470
977
417
645
437
45
723
958
438
390
402
95
132
727
481
487
168
726
892
