75
300
187
628
64
414
574
168
292
271
439
960
312
746
175
868
353
775
595
214
941
709
559
420
864
235
125
191
892
11
341
501
626
473
357
957
573
188
784
994
603
543
58
620
243
289
950
964
220
745
566
79
775
668
832
721
170
51
790
277
112
562
594
284
907
648
203
834
710
1000
110
172
383
944
434
488
690
407
104
51
446
264
592
726
42
808
85
262
913
131
393
321
951
647
926
952
692
419
261
70
92
433
88
682
235
610
314
70
75
909
200
11
228
47
469
688
730
559
273
874
198
253
481
317
32
848
42
949
716
426
535
304
746
249
4
807
269
219
463
614
620
112
832
193
29
988
146
648
629
661
389
401
460
950
883
960
180
233
120
781
820
181
886
499
317
348
171
289
564
578
775
742
276
149
138
559
191
687
347
383
499
879
918
121
806
879
544
333
77
128
774
808
6
570
666
293
873
753
931
779
500
796
64
607
40
121
152
930
242
24
975
286
214
263
590
583
939
317
366
279
594
290
790
749
175
170
544
179
684
551
787
853
832
128
771
368
970
683
907
159
773
529
252
315
475
992
99
968
758
93
617
267
258
29
922
164
495
139
182
105
218
358
44
811
803
754
199
226
445
168
929
16
124
899
828
753
95
219
352
463
195
540
394
938
859
193
288
164
353
145
356
185
758
929
135
422
141
308
985
873
736
616
