75
300
235
141
664
925
503
710
97
604
457
678
127
663
320
840
894
349
865
943
532
274
1000
672
671
888
978
639
361
116
976
755
155
76
732
18
782
240
341
608
481
399
374
656
507
491
724
623
837
465
261
7
712
91
20
810
493
995
395
991
221
686
822
431
329
274
135
86
510
683
934
812
858
171
853
340
497
247
212
561
702
99
232
401
398
359
287
79
509
575
288
656
694
731
251
896
363
739
713
914
980
472
421
879
599
895
80
118
475
396
928
865
731
305
513
188
41
53
364
95
594
336
389
292
150
272
995
611
647
30
999
118
602
933
187
432
680
174
951
53
805
182
355
483
720
377
618
832
914
178
967
185
198
460
586
900
671
293
873
924
584
595
81
695
317
258
349
837
690
43
260
897
64
129
731
475
26
427
921
99
218
747
765
481
984
287
579
411
951
738
787
584
245
954
708
821
935
54
448
805
34
26
819
329
699
838
299
581
349
63
112
362
221
64
706
793
989
417
552
491
5
245
573
117
644
805
400
914
166
896
622
276
458
911
417
494
761
624
497
224
946
574
965
416
911
774
503
297
871
319
556
901
657
384
616
867
64
674
172
918
151
313
329
872
625
198
94
449
31
151
372
567
236
285
556
208
430
973
754
450
920
956
319
819
19
463
732
817
808
97
52
382
407
771
543
237
238
615
337
349
217
544
