75
300
21
563
103
517
369
5
911
258
267
753
281
175
491
551
314
930
702
438
191
723
326
383
570
456
835
491
91
723
136
502
442
144
506
132
337
560
479
135
475
940
727
853
4
338
922
109
681
846
71
60
208
275
994
442
3
283
439
834
262
581
637
121
280
336
432
416
94
79
825
340
327
359
397
178
985
955
527
406
787
767
504
478
116
492
449
627
647
999
200
308
856
785
540
689
664
179
879
122
254
33
675
224
41
942
217
216
888
424
805
752
341
43
551
135
569
673
854
823
140
788
48
314
839
922
44
346
233
879
54
504
972
690
719
523
292
826
24
423
315
655
168
333
731
673
875
857
778
396
721
776
983
661
481
169
296
666
518
899
9
753
147
282
262
732
558
656
77
768
778
96
880
372
75
562
291
781
866
864
485
575
159
796
114
986
272
223
419
461
137
504
19
848
944
350
988
486
146
751
478
140
259
254
232
908
537
637
489
375
69
924
917
189
621
537
521
909
367
206
52
966
814
673
334
439
914
834
368
720
884
262
966
591
274
753
730
734
952
665
536
525
862
795
974
16
897
24
270
153
337
210
622
254
639
320
655
648
111
422
913
233
959
337
300
191
616
440
801
988
29
889
266
740
164
664
456
893
84
614
334
760
874
438
412
91
11
51
902
627
898
339
293
492
548
592
563
4
954
868
539
136
