75
300
280
954
979
608
392
26
6
639
527
755
118
9
145
787
896
353
667
560
447
532
924
606
535
263
320
102
471
19
511
328
245
466
560
473
549
146
626
657
995
259
628
248
875
959
954
453
990
225
358
418
149
577
299
315
659
494
167
283
18
295
271
650
40
378
35
212
302
322
737
815
836
341
301
772
537
703
400
81
28
732
295
465
28
29
769
728
264
735
738
260
657
769
311
768
648
586
783
983
31
906
63
635
211
691
407
479
806
106
205
384
189
456
538
204
193
200
610
628
450
526
349
16
139
62
64
611
511
952
879
683
509
234
253
401
477
353
380
603
841
650
562
244
19
210
604
664
577
931
923
116
75
265
701
43
438
883
661
588
954
848
187
219
573
527
934
953
328
702
570
383
624
312
321
978
679
216
119
186
949
150
591
95
587
16
330
53
841
826
170
679
312
496
132
782
182
140
449
24
183
615
20
421
613
654
932
42
381
897
583
863
340
382
273
987
238
146
562
990
297
171
972
455
901
903
364
976
304
406
82
805
320
51
738
647
44
441
206
875
852
12
151
743
614
362
980
969
384
997
84
279
348
179
215
796
637
977
458
133
648
357
467
63
464
112
984
522
831
17
59
110
110
977
429
883
49
649
805
594
722
531
143
859
107
637
444
865
526
151
866
257
357
546
833
604
292
347
237
182
564
306
