75
300
149
734
106
331
861
497
817
110
754
713
17
923
368
772
327
531
111
721
357
656
75
825
400
717
174
167
924
632
949
961
668
664
40
675
699
78
516
56
118
769
954
503
81
158
234
153
354
465
576
787
324
29
289
591
411
141
747
89
930
587
654
996
553
543
797
781
249
115
320
496
7
723
286
572
947
968
365
381
947
552
250
915
808
88
165
626
958
600
566
817
43
635
434
327
351
171
233
655
282
464
537
31
889
791
865
236
648
307
224
252
977
415
357
959
590
82
517
110
185
391
615
897
694
507
135
467
791
842
775
637
940
398
708
404
420
732
322
321
271
138
364
178
165
366
718
89
716
565
56
496
109
140
217
35
637
372
836
277
758
859
400
908
498
167
370
975
105
295
589
230
871
880
347
845
417
242
184
51
243
421
919
41
277
982
334
461
503
177
427
971
789
524
314
952
976
259
705
168
581
953
679
34
684
183
506
568
457
531
666
538
437
708
572
502
498
885
437
823
819
400
958
129
469
3
160
892
337
667
465
884
735
36
16
303
517
358
264
487
87
644
435
532
434
340
47
897
693
249
619
569
859
883
982
277
435
332
984
662
664
914
936
800
678
7
531
607
220
127
305
799
424
182
862
953
844
968
55
475
187
803
245
611
232
828
287
754
859
41
400
618
933
615
755
983
971
963
916
324
771
456
