75
300
512
744
704
930
939
753
30
295
568
161
718
966
371
171
150
317
128
557
404
506
820
703
680
866
250
510
84
278
594
957
581
565
386
224
775
557
252
744
43
315
17
112
19
923
693
830
582
412
333
110
544
372
269
18
407
644
795
214
181
674
797
720
479
718
769
964
537
510
346
690
316
988
705
205
575
863
425
62
686
772
506
131
731
204
549
176
698
912
51
523
221
969
239
782
740
672
266
523
625
407
742
769
948
130
271
585
110
49
282
535
886
481
733
201
67
519
737
248
231
817
273
528
231
65
964
661
879
849
692
448
18
404
12
863
448
321
174
369
472
679
489
735
23
578
301
244
470
956
521
18
151
817
259
201
611
258
255
733
479
436
22
12
924
620
850
737
728
19
554
112
588
233
151
788
794
720
211
604
923
48
554
845
459
707
180
542
145
330
500
616
661
119
367
630
682
374
630
336
650
670
976
444
904
729
510
711
892
125
891
991
837
337
374
696
920
238
425
568
141
703
525
772
841
213
24
871
565
581
99
86
72
99
521
792
886
228
36
546
357
312
298
96
976
840
84
470
921
636
405
310
628
296
156
387
476
649
18
462
24
74
673
79
594
292
845
534
584
282
779
171
852
278
237
749
427
386
599
21
512
955
530
863
45
276
166
800
970
260
349
141
132
930
867
1000
325
876
901
688
495
10
