75
300
794
971
135
361
426
143
543
783
597
19
883
458
289
802
147
258
738
293
754
869
508
638
426
633
395
594
356
228
280
454
265
641
206
346
641
13
870
982
868
483
297
80
936
333
592
849
903
101
665
104
785
900
519
661
453
143
966
361
465
822
118
949
707
975
774
829
524
567
275
622
173
302
679
283
993
984
252
556
45
840
143
143
32
904
315
469
650
252
151
818
102
927
300
172
578
311
968
330
724
109
539
624
313
333
723
553
862
246
287
174
659
969
545
701
642
657
28
94
377
304
476
883
343
280
367
389
349
322
328
806
165
75
673
339
319
831
375
622
933
120
79
150
320
87
64
30
478
929
595
903
668
226
290
238
913
396
597
422
756
778
822
921
989
847
223
410
25
349
646
55
502
463
614
387
293
857
940
214
796
607
782
291
527
333
559
924
526
180
781
189
478
346
242
852
542
472
957
447
718
440
517
964
224
804
833
68
745
588
959
968
197
308
144
472
913
422
72
793
573
840
450
571
732
594
954
636
422
51
78
675
988
224
938
593
509
691
298
24
515
366
272
788
649
535
775
796
829
841
659
456
940
723
717
995
244
292
855
519
61
419
152
20
325
4
782
306
79
21
366
160
41
49
727
974
899
259
861
590
280
355
952
3
125
106
482
219
597
665
779
382
954
245
819
429
703
368
973
441
665
840
