75
300
83
503
151
387
584
776
521
797
85
236
913
692
558
663
445
243
706
872
168
553
605
69
728
967
929
709
996
321
253
578
347
211
436
679
909
197
384
890
288
429
115
459
423
347
561
905
915
204
715
570
891
981
606
278
835
840
468
878
775
669
90
431
983
960
829
720
55
412
937
566
255
212
933
980
442
594
174
931
85
557
504
137
566
642
674
726
127
902
577
583
719
776
7
556
758
300
197
480
412
959
236
465
121
709
305
6
562
545
329
543
775
602
333
132
17
379
559
270
720
246
520
77
258
983
750
253
724
841
707
346
314
744
76
659
38
864
59
130
396
133
783
648
663
55
567
368
532
196
524
110
906
434
282
762
779
811
567
708
621
385
54
441
20
211
171
761
198
376
546
196
670
887
509
569
442
917
895
519
250
568
438
152
587
586
97
834
10
408
470
898
618
79
900
916
673
370
439
827
306
278
460
25
284
501
432
290
744
582
39
83
571
198
730
999
597
252
619
413
157
495
37
181
535
942
744
778
61
973
607
589
630
93
696
386
960
305
811
823
669
950
357
674
179
928
739
99
44
521
44
523
178
301
688
973
224
164
960
899
534
394
109
522
110
700
184
188
691
652
614
118
945
899
2
169
612
646
820
80
539
78
384
744
978
212
464
66
12
234
186
265
166
467
592
132
353
207
249
251
145
398
