75
300
825
427
191
923
341
315
197
125
831
671
834
954
294
528
10
932
492
945
719
262
986
150
803
738
566
368
344
848
231
91
977
289
351
477
70
469
308
456
846
511
913
186
260
541
34
212
700
249
37
304
738
333
993
347
253
665
901
495
36
792
220
467
461
437
796
988
574
856
317
259
2
794
315
125
886
583
885
344
177
506
711
93
928
144
495
794
673
566
998
532
838
338
772
846
633
562
496
942
873
633
468
769
518
222
798
191
874
840
186
975
118
735
477
504
623
420
968
448
372
299
761
517
296
137
125
596
59
992
122
587
353
317
358
348
476
471
773
204
383
215
351
522
657
991
157
607
273
664
869
628
321
281
729
80
10
434
146
956
354
433
338
808
442
395
396
730
457
146
19
944
124
500
261
29
590
816
93
711
577
60
664
70
960
67
757
351
382
810
753
56
561
883
64
356
160
71
517
609
262
238
343
568
175
148
62
838
19
698
421
861
371
37
271
528
978
134
873
180
586
614
688
757
547
340
527
957
209
933
415
901
361
511
547
224
929
691
686
584
668
453
876
253
961
315
644
649
519
929
165
405
427
329
899
61
538
819
434
621
52
212
692
315
59
482
168
588
876
473
408
623
315
464
939
136
868
764
159
613
411
292
14
994
283
857
672
944
78
491
625
465
874
376
668
143
387
587
632
201
280
179
