75
300
621
709
678
223
881
790
758
27
242
327
629
123
647
696
735
108
224
597
253
415
4
587
78
1
165
902
571
57
205
704
325
309
719
109
56
976
793
442
423
707
123
885
683
935
960
7
122
913
956
684
139
55
643
567
462
293
602
584
596
792
499
162
337
648
141
153
168
77
666
241
492
50
688
49
289
432
733
154
926
160
790
410
514
231
551
856
307
397
777
590
499
877
194
662
251
199
96
190
925
591
859
288
650
805
877
73
75
585
323
749
53
609
460
32
307
847
721
734
910
717
580
260
803
884
762
388
535
413
94
410
86
704
266
375
642
284
377
533
790
417
231
152
622
495
496
554
328
418
941
470
505
555
333
316
522
29
694
833
122
914
715
349
990
745
541
124
256
946
426
845
603
745
215
9
295
152
935
680
512
297
709
307
578
443
870
118
755
908
916
450
531
14
742
223
547
492
98
724
267
606
876
779
833
341
835
163
688
816
10
423
432
386
354
674
725
963
301
564
34
663
76
315
169
976
842
581
105
769
747
80
115
288
3
354
54
870
923
133
51
123
663
41
489
827
244
766
854
536
265
181
981
257
227
738
376
339
972
496
965
4
97
52
167
575
730
875
162
920
398
43
596
484
610
149
461
583
71
688
972
648
189
608
683
766
94
427
814
496
62
123
22
453
944
503
713
39
926
441
922
342
