75
300
543
122
59
968
793
725
428
122
371
764
522
399
21
486
68
611
71
93
433
157
69
971
680
579
16
317
535
731
853
283
510
783
400
146
50
411
231
821
511
256
560
969
91
501
838
324
203
485
154
695
210
557
235
175
405
257
79
513
262
547
508
909
693
719
900
117
686
773
333
99
792
737
764
569
880
877
164
790
957
312
339
377
561
209
260
544
433
816
117
453
578
663
439
721
459
373
177
689
283
365
620
472
177
548
55
168
794
252
490
696
473
816
927
31
563
325
175
400
342
384
913
793
381
83
195
401
925
473
613
548
603
253
444
225
212
473
980
839
540
350
44
289
842
954
501
454
619
729
335
349
699
875
978
130
975
708
843
653
88
93
649
777
482
156
622
744
596
498
781
548
764
69
49
804
408
77
734
362
385
239
715
115
719
509
850
607
729
811
299
549
178
431
283
656
189
718
880
686
282
652
272
907
471
757
254
547
104
609
715
457
701
44
115
545
463
375
314
291
434
853
797
473
575
236
183
863
278
22
128
768
404
916
578
914
448
263
493
607
258
978
812
369
399
164
973
270
319
959
598
330
43
321
458
924
202
593
839
816
545
146
337
858
736
433
987
455
422
661
862
55
311
254
940
594
184
356
378
866
255
818
195
208
745
988
661
388
886
285
734
236
501
581
399
659
312
6
730
837
285
628
