75
300
274
959
772
864
283
612
882
156
172
72
449
113
704
406
738
38
649
619
302
219
350
372
727
317
732
422
733
545
347
575
252
532
92
473
643
219
459
224
461
390
846
400
455
250
496
881
258
653
656
465
293
24
487
440
794
579
368
898
136
725
855
815
274
241
516
586
377
156
870
267
791
336
195
97
641
689
785
829
97
677
153
517
888
512
961
910
889
428
830
24
786
373
163
611
252
883
225
540
151
100
247
140
72
229
538
37
227
133
19
977
67
394
614
207
358
158
628
316
639
320
699
448
49
803
930
745
615
149
316
824
186
130
371
54
297
558
628
218
844
947
492
438
628
420
898
645
384
175
422
752
472
864
869
840
931
923
958
716
191
320
863
451
830
354
657
610
498
817
898
738
819
784
775
962
378
999
483
32
176
522
812
388
941
636
268
393
67
251
36
954
876
145
331
129
92
485
674
641
854
286
492
512
954
668
781
72
854
311
165
604
226
621
938
948
709
820
316
164
212
654
295
647
106
372
80
378
629
735
381
813
143
374
304
506
442
767
49
260
57
451
687
968
511
948
387
324
395
146
328
967
23
457
572
189
174
991
594
573
440
773
700
918
768
181
79
111
535
582
157
870
466
502
734
873
623
392
719
600
547
758
645
145
530
38
210
485
903
52
883
132
511
545
315
383
915
859
446
723
978
910
