75
300
964
157
807
578
834
263
312
35
108
760
78
454
672
316
13
51
96
770
507
398
270
729
116
97
657
820
328
206
799
636
184
480
704
787
918
61
867
454
552
999
477
654
837
323
660
681
683
677
792
844
85
679
845
678
716
882
460
980
36
310
706
956
399
712
6
950
97
974
155
372
82
579
169
870
837
111
291
32
27
130
71
321
694
611
775
99
468
295
512
606
978
838
406
879
390
743
771
180
501
718
154
217
544
963
451
569
955
61
548
173
389
436
764
895
986
219
948
597
359
118
372
518
554
388
914
355
664
365
906
262
212
891
129
839
883
914
274
166
866
191
974
11
804
597
552
718
409
520
337
126
132
855
257
383
388
680
964
407
835
68
397
745
597
811
781
177
79
198
376
212
880
329
315
6
721
624
300
381
401
879
825
103
924
900
808
76
802
203
686
285
581
297
64
4
247
384
75
740
245
461
743
475
614
402
290
278
664
549
778
148
248
380
73
203
368
877
572
926
560
18
292
597
414
968
118
377
566
732
309
799
965
724
819
788
710
405
729
368
79
361
989
749
928
552
551
179
798
326
228
769
478
111
841
364
109
727
638
713
298
877
201
480
861
885
297
604
452
586
736
978
704
553
430
291
157
210
305
994
587
685
91
947
644
660
50
642
307
839
439
377
585
691
329
480
153
753
575
58
540
172
