75
300
789
500
74
553
235
297
564
105
507
765
876
809
72
351
665
575
421
784
27
895
152
185
133
346
653
42
633
231
596
8
672
579
562
474
947
265
109
391
869
239
21
866
578
274
810
8
344
872
868
486
864
478
53
98
936
689
825
452
652
658
77
772
890
370
932
91
782
185
452
884
890
792
150
588
417
421
783
986
412
547
354
727
166
153
504
818
24
191
802
844
856
703
137
959
140
42
206
487
615
610
740
986
651
404
413
771
69
830
763
820
412
900
165
28
547
588
651
440
190
350
328
771
276
429
790
110
860
161
88
164
315
41
903
482
139
204
464
996
782
134
654
622
854
71
524
550
820
844
155
62
82
975
50
7
396
181
91
89
380
649
373
19
983
770
233
139
618
852
926
803
952
952
776
544
483
682
438
143
188
690
118
909
101
325
46
938
464
717
238
331
539
190
719
143
471
584
248
787
407
693
364
823
408
768
365
454
682
252
930
519
715
165
972
281
299
815
742
606
514
962
478
51
692
758
659
970
20
92
331
810
370
585
704
627
271
936
639
986
363
283
367
138
554
766
749
579
103
937
839
570
25
842
468
358
512
893
255
996
75
977
463
889
465
942
423
922
464
132
466
933
244
252
104
942
118
486
380
430
973
533
963
749
685
710
759
834
724
97
881
220
591
391
320
154
2
828
123
420
572
800
