75
300
897
483
914
259
906
218
795
601
628
502
235
949
975
241
760
820
571
649
700
707
57
577
517
950
622
776
607
702
206
115
706
326
395
997
315
481
237
387
214
252
643
329
806
953
388
38
102
215
205
261
512
60
886
181
256
211
65
768
721
735
534
618
638
82
75
22
776
918
676
692
125
201
348
995
374
30
722
537
15
135
86
734
644
145
183
511
805
24
953
633
513
840
304
709
335
628
705
267
846
531
943
276
568
828
356
320
562
195
584
503
988
158
519
967
909
160
639
249
838
687
41
65
755
996
914
251
207
374
668
325
228
497
136
57
229
173
67
781
209
978
893
562
552
129
63
957
799
450
55
616
849
882
507
710
496
5
907
613
569
623
57
585
542
65
585
683
758
561
594
480
162
600
546
542
59
729
786
699
622
178
851
645
987
550
991
701
142
633
657
470
872
586
278
872
994
959
620
510
530
294
807
603
301
522
139
128
24
536
383
51
32
867
602
106
73
594
923
305
277
458
197
304
91
277
927
240
771
738
513
243
539
663
207
387
343
758
292
779
573
145
271
784
324
38
392
632
945
21
542
825
72
382
362
796
319
289
618
178
562
383
38
481
370
755
69
64
110
669
655
778
163
529
786
914
720
150
532
500
666
920
765
503
727
597
594
824
844
799
973
456
673
439
416
615
717
472
452
842
327
72
