75
300
370
785
404
103
256
634
873
430
149
102
178
506
557
464
256
279
933
70
298
336
176
93
302
187
595
483
683
880
401
727
30
890
168
337
167
832
931
852
448
751
326
258
845
167
464
895
38
66
909
462
554
404
6
112
21
859
389
90
732
84
470
778
649
171
132
432
66
165
659
158
331
994
388
286
398
376
992
612
617
647
954
52
546
500
132
903
416
192
624
747
898
121
541
787
333
756
221
991
392
328
951
720
451
801
164
350
952
778
812
850
824
238
508
27
488
342
420
837
222
257
788
765
618
790
717
677
398
959
256
412
717
94
152
582
860
949
500
341
317
694
573
572
380
287
574
606
894
667
263
394
894
208
471
658
423
580
301
307
200
467
312
95
285
911
11
209
190
191
284
674
173
6
231
89
524
5
308
255
970
411
617
97
526
996
515
510
471
860
496
153
349
920
107
833
195
13
782
757
509
514
852
788
402
989
224
5
629
742
158
461
464
900
106
425
76
885
650
212
621
214
558
280
429
29
814
682
859
121
784
23
436
920
458
452
370
275
311
957
879
741
280
544
287
364
492
571
880
197
661
505
632
392
882
917
383
625
904
223
328
729
689
725
956
144
722
839
310
168
43
550
314
289
432
491
431
390
320
55
343
201
910
909
736
289
859
302
243
480
605
128
850
691
606
973
317
223
447
104
873
336
