75
300
65
599
155
399
414
321
967
772
594
330
289
500
193
444
985
546
840
557
839
125
185
24
958
67
107
20
933
396
296
170
588
647
434
7
129
259
533
211
885
47
131
513
449
390
546
271
491
828
770
249
110
121
316
328
130
660
595
460
617
324
814
670
88
54
917
862
723
519
911
286
172
150
844
891
915
660
88
400
333
94
995
939
271
144
475
782
153
3
364
218
612
451
465
597
475
622
315
786
839
108
591
393
956
995
954
92
541
93
967
479
55
787
537
693
469
344
386
177
87
386
138
704
499
904
157
172
50
270
722
541
428
716
393
423
980
993
550
766
10
663
41
660
24
517
719
796
585
440
746
519
152
590
771
847
795
703
900
998
959
853
466
385
455
997
897
7
597
273
989
293
153
125
936
853
214
850
168
678
329
619
386
772
966
223
527
135
314
691
55
479
552
392
931
970
656
751
356
941
805
204
416
517
964
293
388
497
3
884
409
429
615
632
52
510
653
680
135
334
388
167
97
652
291
171
914
255
56
633
503
505
72
738
769
958
152
996
466
350
135
693
575
874
152
970
319
22
335
772
139
670
51
256
683
980
76
875
23
498
839
447
14
365
414
576
692
125
702
598
976
21
231
906
829
902
2
530
970
113
544
834
538
986
842
328
572
548
758
732
856
521
73
887
629
737
514
60
896
923
19
837
