75
300
162
205
179
635
288
642
934
536
218
827
522
972
206
672
410
550
384
558
992
923
984
9
267
815
600
726
940
850
879
494
697
373
189
397
342
383
459
546
464
271
788
849
813
887
880
340
842
383
614
108
289
540
821
910
925
96
464
764
512
209
576
848
884
207
572
418
496
266
68
367
158
525
987
731
254
556
630
756
194
719
606
115
988
206
450
521
858
988
743
4
838
783
225
566
668
38
136
478
449
41
863
334
980
57
209
976
200
214
719
622
197
766
908
118
674
320
586
921
885
547
290
677
671
395
672
744
585
430
925
816
794
610
635
175
465
996
577
987
331
241
921
854
327
646
590
875
82
737
233
588
814
547
916
321
395
254
777
868
556
700
957
889
405
427
801
418
306
890
764
627
262
27
145
405
890
366
520
644
931
330
903
923
677
513
283
125
239
245
53
761
691
711
493
399
946
391
153
515
297
840
668
781
99
936
194
296
870
97
10
630
189
424
208
289
265
375
551
876
418
957
804
850
911
346
850
472
200
750
828
435
115
995
174
246
46
50
100
313
761
873
396
718
224
89
709
488
818
358
413
997
567
567
127
952
218
922
649
778
209
172
839
988
473
654
610
850
375
407
510
964
917
934
55
252
913
300
375
289
857
943
149
9
360
660
660
692
612
107
981
947
937
391
877
927
37
158
91
382
710
851
