75
300
679
60
353
365
861
608
378
69
56
4
371
645
283
57
807
624
329
160
531
714
85
873
88
859
744
86
772
710
99
814
654
915
114
463
855
829
968
548
702
474
299
345
988
981
931
984
349
180
427
453
77
303
841
72
834
163
927
466
440
51
497
227
166
211
985
262
776
141
627
112
595
534
701
553
894
961
193
64
281
633
365
1000
165
75
168
436
146
578
74
465
71
307
681
977
140
220
693
762
553
906
114
672
152
414
549
377
440
343
982
667
515
304
681
440
118
719
491
155
614
478
398
756
799
35
882
444
39
813
380
950
30
802
180
590
661
237
647
422
994
456
779
500
160
446
406
274
122
167
247
192
104
224
150
575
268
644
245
384
850
588
129
701
403
466
437
898
665
59
533
319
576
442
882
915
958
181
498
83
533
925
41
94
562
429
797
409
685
189
173
186
763
113
159
979
987
129
951
566
219
130
632
160
24
858
160
110
214
725
963
752
262
779
294
432
380
786
521
74
988
110
575
724
556
182
679
257
16
138
335
136
499
926
38
937
276
68
896
709
266
507
265
301
841
132
207
514
447
887
170
317
206
337
351
713
894
592
101
822
137
121
423
447
850
989
718
460
481
638
934
387
374
904
536
529
679
751
298
886
586
742
961
112
436
237
460
451
641
302
96
452
845
258
624
679
422
14
960
474
880
167
