75
300
791
92
86
560
751
570
650
271
125
862
35
153
828
170
507
74
904
947
920
83
432
103
148
551
412
264
894
162
62
676
840
850
86
592
493
489
299
351
366
24
577
798
864
506
999
562
507
775
253
750
877
487
716
129
253
889
77
963
151
66
707
161
151
702
691
124
682
529
553
502
650
174
619
160
545
892
972
626
24
162
274
953
235
955
748
524
706
889
756
95
194
254
495
426
438
999
213
986
265
94
733
909
263
262
524
973
103
825
219
365
645
11
271
843
480
384
643
645
708
572
712
884
54
364
575
703
310
1
909
60
699
682
68
551
756
151
222
518
627
273
402
425
25
125
633
509
10
190
720
374
857
229
181
29
486
201
899
185
555
980
279
148
348
962
757
709
353
568
620
875
827
351
124
272
296
930
853
404
352
243
891
106
590
586
347
638
8
19
325
673
953
283
236
930
184
684
878
521
295
113
897
79
450
59
324
556
942
374
95
949
555
700
498
334
912
929
586
669
133
406
233
43
610
476
524
137
386
847
845
187
668
231
389
549
510
971
380
144
149
122
870
495
970
689
420
477
218
389
515
449
658
777
718
173
785
134
480
627
601
838
365
1000
335
964
7
266
435
932
527
308
759
121
341
556
314
493
80
8
993
193
480
357
274
499
521
186
182
360
237
980
213
757
866
102
967
284
61
900
418
310
