75
300
794
293
169
850
318
181
435
838
235
111
215
518
548
766
201
861
385
797
534
773
901
487
725
658
357
219
82
734
989
650
891
285
411
142
738
166
290
993
654
77
347
748
405
949
956
203
869
221
873
348
545
608
751
581
971
999
609
577
888
375
637
583
894
415
187
151
646
613
301
612
444
505
726
800
500
971
754
500
540
498
524
343
864
892
34
895
48
412
401
400
183
190
727
880
846
770
964
306
533
638
365
373
794
517
800
138
83
913
592
423
562
326
542
554
766
110
273
632
29
249
989
219
824
293
743
242
13
28
587
182
939
854
449
273
563
461
826
922
748
477
830
369
94
319
472
523
124
343
229
747
887
881
612
337
761
952
904
835
485
690
391
800
227
936
736
87
883
806
532
657
160
514
556
222
123
260
545
914
349
817
33
909
58
286
929
218
386
175
739
88
478
35
298
848
462
47
653
143
127
907
450
105
368
966
402
867
357
740
483
563
497
75
841
658
781
674
148
687
3
750
356
661
15
414
948
93
688
624
326
158
585
271
808
929
411
426
802
875
890
331
626
614
747
232
638
76
147
308
811
813
52
260
233
259
4
205
401
650
308
693
321
548
184
490
238
242
209
947
60
501
325
163
802
490
433
917
358
696
814
732
636
566
472
854
666
814
461
203
782
678
858
524
931
221
519
222
871
197
879
21
