75
300
340
952
273
411
329
112
583
106
794
501
763
797
145
993
122
16
722
271
624
645
426
162
256
148
250
292
701
205
742
752
733
186
326
509
643
737
745
222
710
462
814
242
270
856
7
394
8
702
709
242
106
360
321
589
565
266
917
68
70
149
287
56
325
511
838
889
219
817
994
807
863
313
163
559
564
623
436
264
527
543
942
131
86
609
535
345
115
914
864
867
575
607
612
205
118
504
471
621
242
657
374
408
997
787
769
510
413
719
392
976
877
150
762
378
386
674
386
526
373
439
974
131
237
354
873
562
561
114
914
775
681
125
129
491
570
766
698
312
66
61
266
746
222
814
980
366
732
223
898
692
119
348
663
278
226
661
194
326
463
276
787
79
428
674
57
54
89
618
645
851
543
649
796
101
545
816
583
376
86
705
554
547
695
508
951
585
528
770
373
127
205
722
142
723
44
176
77
943
137
269
333
31
66
753
322
542
732
429
914
16
874
74
618
886
424
565
573
648
200
149
710
997
484
770
589
503
461
541
67
146
699
292
474
49
895
529
373
271
738
252
888
838
513
887
577
314
370
229
114
807
905
221
434
156
515
490
382
839
553
870
807
181
579
339
262
719
491
903
772
688
514
359
794
714
510
66
562
492
882
773
438
364
919
990
938
299
952
965
543
180
830
281
732
276
421
508
438
61
643
614
