75
300
888
848
835
21
228
437
552
459
379
564
334
965
63
501
851
454
757
976
825
137
146
426
303
541
971
740
494
138
501
480
465
833
105
18
771
781
355
916
274
967
460
961
983
774
374
13
810
794
25
673
930
321
778
835
294
494
985
473
673
882
675
119
819
925
949
900
991
275
849
124
800
786
943
571
457
460
513
490
403
481
490
671
822
678
70
613
394
794
908
174
531
166
959
909
295
997
877
806
888
437
811
975
322
11
23
333
606
279
129
832
660
380
449
46
407
585
55
684
292
685
122
105
495
219
399
650
553
533
694
791
114
986
170
610
305
168
396
203
864
388
142
382
766
858
939
58
637
762
507
820
761
101
630
6
334
194
636
124
248
988
184
694
51
761
245
346
521
960
106
17
757
683
507
815
570
554
97
636
110
395
742
901
980
344
92
32
597
955
408
437
497
640
375
686
298
151
823
796
829
563
310
430
202
658
498
731
272
789
941
850
604
418
855
997
540
186
913
126
715
197
822
742
809
726
55
285
537
209
641
80
779
872
142
601
798
782
976
443
425
405
946
268
11
100
149
204
989
327
588
512
63
381
994
668
907
661
479
918
765
768
724
727
43
183
312
416
491
740
381
549
843
669
532
768
965
444
7
807
470
507
302
555
263
572
670
90
492
446
320
547
991
33
777
474
582
195
571
739
934
814
