75
300
345
940
371
486
182
803
958
302
989
753
814
897
832
803
267
608
210
825
728
317
406
258
452
515
405
500
712
253
980
269
462
849
451
927
802
863
509
348
854
765
721
848
827
777
244
780
894
544
134
108
980
102
316
152
596
806
798
32
735
927
528
329
358
890
773
848
601
9
300
638
403
199
823
34
535
681
704
470
806
104
905
200
534
673
841
990
761
257
945
90
612
669
534
87
68
192
470
837
563
804
881
276
997
791
986
167
522
812
20
190
377
847
868
784
788
352
299
487
671
115
230
730
56
209
230
915
451
707
658
930
783
739
516
384
869
414
339
732
415
772
123
88
62
125
452
468
417
816
51
592
618
747
20
675
649
606
134
130
123
174
517
69
881
76
11
378
974
294
419
460
714
157
312
976
273
517
820
127
840
422
301
521
622
160
354
53
969
436
446
311
856
64
959
998
117
490
179
588
10
663
796
879
624
437
190
635
29
785
778
185
94
559
202
300
538
10
166
456
831
606
833
280
921
580
468
228
145
549
976
633
505
227
848
42
669
306
586
480
140
35
775
199
729
20
928
607
676
71
184
356
575
618
470
901
54
802
313
742
923
523
54
604
107
185
26
396
12
629
678
225
661
215
127
640
872
474
433
759
657
315
920
868
160
929
328
503
95
232
122
860
8
422
333
855
550
927
728
502
629
318
