75
300
942
458
231
759
236
778
865
280
486
273
624
368
464
502
441
413
261
384
109
527
458
289
490
813
91
724
769
797
259
254
458
305
278
3
301
976
307
941
746
854
552
10
429
907
29
582
113
915
313
428
752
633
641
738
435
128
37
22
768
98
933
73
136
164
726
216
598
660
897
295
608
76
465
561
778
262
403
981
549
324
336
328
785
882
14
417
808
273
267
876
641
232
504
709
370
888
749
381
628
120
878
139
750
752
440
534
774
718
71
691
374
802
858
603
762
660
411
956
210
982
512
110
716
237
457
67
344
203
586
396
244
538
737
345
744
461
616
510
759
352
339
215
229
387
619
872
883
608
329
220
449
923
151
794
276
866
213
214
319
356
922
299
786
337
35
204
646
375
948
831
372
448
349
273
615
402
146
760
544
244
987
252
688
725
89
648
937
746
570
881
940
877
221
557
493
410
161
815
82
616
358
605
666
741
778
734
741
960
148
513
997
65
912
699
140
219
518
504
758
684
596
173
245
704
925
2
750
977
209
771
11
159
191
427
706
279
314
231
3
793
925
551
92
947
986
223
993
975
775
232
9
943
340
573
135
799
259
782
563
605
209
818
358
413
1
524
422
534
286
547
983
715
385
507
445
240
794
776
552
190
64
215
364
388
865
398
742
978
288
727
735
141
694
664
895
102
94
164
814
174
