75
300
376
680
613
891
606
162
724
303
546
259
391
931
295
493
559
489
682
217
664
809
726
669
106
1000
25
825
613
908
33
839
957
326
620
267
137
698
893
490
467
682
209
655
142
119
361
493
440
317
880
549
199
956
776
627
424
311
371
714
110
248
888
555
530
43
486
673
891
536
649
925
685
45
836
217
739
409
377
124
714
607
289
493
309
470
446
108
357
680
1000
408
261
881
564
65
398
527
460
298
726
440
824
90
809
620
962
950
52
313
211
446
445
359
490
391
259
410
852
6
632
793
235
153
664
111
415
775
7
294
8
118
45
947
186
205
728
972
484
344
920
127
132
830
178
909
517
617
832
269
95
661
941
743
636
8
213
235
162
92
671
876
898
621
573
110
495
198
736
137
36
839
618
135
649
38
652
341
583
725
160
110
47
329
156
779
461
815
849
364
579
218
875
319
488
210
461
167
908
378
362
18
721
626
656
431
314
838
502
848
730
37
970
603
224
389
244
267
80
887
941
424
808
299
839
373
38
806
864
832
431
917
792
248
591
830
723
485
819
142
394
24
438
54
445
929
870
934
445
402
724
936
142
287
513
871
968
621
215
287
262
885
393
510
175
21
215
87
841
881
295
153
835
427
578
765
653
288
866
843
213
382
127
924
94
678
809
583
283
785
413
18
48
417
614
791
962
46
443
918
391
712
