75
300
14
681
873
359
909
423
711
253
286
58
413
161
906
686
565
704
714
725
357
974
984
985
745
726
585
239
466
217
491
597
822
138
31
318
961
726
451
351
402
238
81
274
778
632
739
63
461
672
406
480
891
886
46
529
653
490
983
413
802
461
588
161
560
606
817
608
376
809
551
96
301
257
336
757
388
109
826
1000
827
172
741
832
426
706
49
710
300
717
51
16
360
607
421
92
940
391
447
870
980
992
162
573
931
646
916
848
729
126
558
137
167
45
68
208
94
416
536
120
260
964
276
407
712
493
526
818
476
784
461
672
164
427
518
757
252
407
696
305
1
323
261
66
268
367
827
483
996
165
670
413
746
916
707
786
12
553
489
320
282
955
440
2
156
578
420
391
241
821
21
924
834
416
920
518
396
34
423
210
444
349
398
574
788
332
180
689
699
516
413
841
568
998
670
69
960
958
892
364
949
36
915
705
894
645
425
561
703
267
896
277
120
839
69
933
289
402
109
422
235
435
572
156
859
20
846
703
705
991
911
854
795
273
963
750
359
600
258
758
581
953
716
566
677
465
98
259
373
705
398
386
704
22
849
340
267
920
806
740
298
499
470
481
77
933
94
970
22
85
596
541
475
331
512
275
632
369
645
747
512
572
24
493
891
333
677
291
733
523
716
8
406
205
898
21
815
440
650
814
308
669
