75
300
24
192
487
558
114
809
769
73
671
714
270
222
946
375
567
959
223
642
926
890
369
712
692
684
114
967
461
643
515
562
249
870
278
738
900
530
153
125
627
621
617
618
743
625
428
731
134
83
286
534
405
332
789
589
326
167
431
229
222
540
426
186
202
862
560
772
304
84
311
243
490
332
892
790
580
138
678
493
344
813
135
767
785
12
142
469
603
697
974
436
223
26
187
287
990
819
945
985
145
764
757
262
309
243
299
956
767
266
13
682
912
972
526
666
582
553
139
861
229
182
282
438
620
574
37
774
447
984
161
245
328
848
366
460
229
453
488
111
747
2
769
131
444
123
281
729
336
201
440
269
262
459
500
563
831
250
883
360
299
436
695
683
93
943
314
191
568
679
655
194
383
373
959
160
590
844
459
485
620
516
92
488
378
183
846
600
34
676
184
12
48
907
211
350
522
637
848
856
153
641
587
905
841
221
17
272
359
467
701
127
96
205
881
973
186
990
602
621
444
412
552
129
109
952
126
459
64
723
878
779
13
901
381
572
490
273
322
675
58
419
879
411
853
261
902
118
878
967
903
253
692
695
310
268
690
778
978
891
757
133
368
33
414
839
895
384
588
864
743
561
586
991
934
498
253
413
785
112
751
70
344
431
170
319
275
292
320
456
817
693
913
818
652
413
711
977
380
152
955
834
