75
300
948
157
756
212
649
30
261
876
278
51
908
499
892
120
592
530
323
415
732
111
587
652
226
374
993
751
384
190
326
591
808
528
598
987
237
329
459
590
789
103
518
753
635
763
653
549
646
228
827
222
817
546
839
912
415
284
104
165
786
961
254
48
570
512
406
13
138
994
446
949
846
446
44
129
949
814
259
906
637
69
647
751
241
567
7
686
898
99
386
32
548
738
177
92
579
217
105
801
922
10
87
750
852
703
135
75
988
995
812
989
772
56
186
476
979
166
711
145
832
414
831
240
770
562
334
202
789
976
336
705
515
422
651
399
510
344
449
438
498
965
523
812
514
853
352
979
998
486
749
535
366
570
107
983
305
587
166
811
847
145
731
905
968
416
384
349
143
257
797
752
139
781
249
883
642
923
576
264
148
863
258
242
712
588
314
31
12
826
256
249
805
183
586
112
753
161
722
462
684
832
416
451
971
40
939
770
771
50
874
241
619
816
182
654
316
429
389
527
586
987
55
722
114
244
506
866
773
330
618
273
179
404
31
407
640
631
380
214
821
542
851
561
445
681
196
871
356
558
829
922
940
107
799
398
201
344
83
416
693
532
221
558
505
59
393
664
434
167
868
368
408
328
179
522
667
967
644
430
905
871
248
462
131
461
53
213
234
853
937
383
525
566
53
587
238
761
295
316
80
376
