75
300
423
683
385
527
696
471
94
295
603
922
860
697
489
437
321
262
581
611
972
894
369
514
57
873
715
687
782
530
550
297
468
978
308
933
770
971
25
898
633
984
963
861
482
4
600
490
980
762
42
954
46
507
935
787
766
922
622
285
878
599
957
253
854
618
630
659
648
321
124
635
513
386
364
618
496
587
475
537
746
784
746
248
713
30
943
410
687
683
316
934
766
786
677
220
760
640
29
856
731
789
236
832
716
952
329
848
811
952
705
378
420
335
910
739
512
123
405
623
138
690
312
87
948
759
872
336
409
12
215
650
128
842
289
93
668
87
875
792
936
16
392
633
992
593
232
216
985
61
740
615
993
498
217
299
202
647
819
143
701
306
257
13
124
127
284
695
12
497
970
192
673
414
671
739
88
250
136
813
293
198
924
489
226
326
140
783
273
149
837
350
294
391
139
110
374
656
313
750
718
166
255
992
874
818
401
114
582
332
950
715
921
908
227
379
848
744
563
724
528
486
292
257
238
178
861
289
225
346
888
223
156
814
219
63
483
57
554
232
954
936
400
669
421
208
761
181
194
977
676
370
157
971
777
837
346
352
15
558
998
754
456
662
295
516
395
712
149
659
900
917
14
857
655
245
701
215
923
169
395
309
698
352
171
111
871
387
574
896
50
925
207
969
16
527
204
281
784
183
375
74
