75
300
976
114
253
921
873
636
580
336
109
824
156
579
758
132
349
639
960
669
857
817
264
789
993
745
582
28
443
443
812
480
535
208
348
577
134
774
171
108
977
247
816
516
7
717
254
286
889
244
427
995
762
393
867
110
459
302
512
382
410
795
428
28
651
324
515
171
257
420
754
665
888
690
272
148
588
78
362
756
826
914
618
973
794
39
803
525
972
965
504
327
613
437
100
399
922
190
816
370
180
103
25
168
719
429
506
581
178
864
378
183
1
538
634
149
755
694
671
74
890
144
42
465
327
500
304
957
774
757
262
562
895
409
84
979
316
362
750
428
608
76
885
961
61
440
724
478
195
370
990
580
624
870
310
758
9
810
47
567
883
66
296
275
804
356
289
245
94
793
925
997
757
272
271
285
580
784
661
103
201
145
230
533
594
261
839
874
639
519
398
688
339
925
76
328
474
562
670
991
325
87
635
866
507
271
755
706
545
888
269
695
175
911
341
778
631
181
628
753
190
522
615
719
245
120
783
311
641
837
404
679
882
214
817
715
206
648
470
201
829
371
394
626
517
10
256
905
435
502
745
728
338
764
717
724
116
390
592
409
717
35
539
545
289
591
951
763
151
252
727
977
795
419
343
201
195
130
898
418
682
515
577
612
429
469
303
694
623
180
433
359
803
778
509
110
790
797
671
407
312
784
